date,time,BMU05_CMA_Current,BMU05_CMA_Max_Temp,BMU05_CMA_Min_Temp,BMU05_CMA_Status,BMU05_CMA_Temp1,BMU05_CMA_Temp2,BMU05_CMA_Temp3,BMU05_CMA_Temp4,BMU05_CMA_Temp5,BMU05_CMA_Temp6,BMU05_CMA_Temp7,BMU05_CMA_Voltage,BMU05_CellBalancingStatus,BMU05_Cell_10_Voltage,BMU05_Cell_11_Voltage,BMU05_Cell_12_Voltage,BMU05_Cell_13_Voltage,BMU05_Cell_14_Voltage,BMU05_Cell_1_Voltage,BMU05_Cell_2_Voltage,BMU05_Cell_3_Voltage,BMU05_Cell_4_Voltage,BMU05_Cell_5_Voltage,BMU05_Cell_6_Voltage,BMU05_Cell_7_Voltage,BMU05_Cell_8_Voltage,BMU05_Cell_9_Voltage,BMU05_Charge_Ah_from_BMU,BMU05_Discharge_Ah_from_BMU,BMU05_Max_Cell_Voltage,BMU05_Min_Cell_Voltage,BMU05_SOC,BMU05_SOH,BMU09_CMA_Current,BMU09_CMA_Max_Temp,BMU09_CMA_Min_Temp,BMU09_CMA_Status,BMU09_CMA_Temp1,BMU09_CMA_Temp2,BMU09_CMA_Temp3,BMU09_CMA_Temp4,BMU09_CMA_Temp5,BMU09_CMA_Temp6,BMU09_CMA_Temp7,BMU09_CMA_Voltage,BMU09_CellBalancingStatus,BMU09_Cell_10_Voltage,BMU09_Cell_11_Voltage,BMU09_Cell_12_Voltage,BMU09_Cell_13_Voltage,BMU09_Cell_14_Voltage,BMU09_Cell_1_Voltage,BMU09_Cell_2_Voltage,BMU09_Cell_3_Voltage,BMU09_Cell_4_Voltage,BMU09_Cell_5_Voltage,BMU09_Cell_6_Voltage,BMU09_Cell_7_Voltage,BMU09_Cell_8_Voltage,BMU09_Cell_9_Voltage,BMU09_Charge_Ah_from_BMU,BMU09_Discharge_Ah_from_BMU,BMU09_Max_Cell_Voltage,BMU09_Min_Cell_Voltage,BMU09_SOC,BMU09_SOH,istempHigh,isvolLimited,isCVViolated
10-02-2021,12:37:44,-92.80000000000001,23,22,3,22,22,23,23,23,22,22,38.45,0,3.2,3.21,3.2,2.2,2.2,3.21,3.2,3.2,3.2,3.21,3.2,3.2,3.2,3.2,0,8755092,3.21,3.2,100.0,100,-90.2,23,22,3,22,22,22,23,22,22,22,38.44,0,3.2,3.2,3.21,2.2,2.2,3.2,3.2,3.2,3.2,3.21,3.21,3.21,3.2,3.2,0,8534687,3.21,3.2,100.0,100,False,False,False
10-02-2021,12:37:47,-92.80000000000001,23,22,67,22,22,23,23,23,22,22,38.44,0,3.2,3.21,3.2,2.2,2.2,3.2,3.2,3.2,3.2,3.21,3.2,3.2,3.2,3.2,0,8755369,3.21,3.2,100.0,100,-90.30000000000001,23,22,67,22,22,22,23,23,22,22,38.44,0,3.2,3.2,3.21,2.2,2.2,3.2,3.2,3.2,3.2,3.21,3.21,3.2,3.2,3.2,0,8534956,3.21,3.2,100.0,100,False,False,False
10-02-2021,12:37:50,-92.9,23,22,3,22,22,23,23,23,22,22,38.44,0,3.2,3.21,3.2,2.2,2.2,3.2,3.2,3.2,3.2,3.21,3.2,3.2,3.2,3.2,0,8755553,3.21,3.2,100.0,100,-90.2,23,22,3,22,22,22,23,23,22,22,38.44,0,3.2,3.2,3.21,2.2,2.2,3.2,3.2,3.2,3.2,3.21,3.21,3.2,3.2,3.2,0,8535135,3.21,3.2,100.0,100,False,False,False
10-02-2021,12:37:52,-92.80000000000001,23,22,67,22,22,23,23,23,22,22,38.44,0,3.2,3.21,3.2,2.2,2.2,3.2,3.2,3.2,3.2,3.21,3.2,3.2,3.2,3.2,0,8755829,3.21,3.2,100.0,100,-90.10000000000001,23,22,67,22,22,22,23,23,22,22,38.44,0,3.2,3.2,3.21,2.2,2.2,3.2,3.2,3.2,3.2,3.21,3.21,3.21,3.2,3.2,0,8535404,3.21,3.2,100.0,100,False,False,False
10-02-2021,12:37:55,-92.9,23,22,3,22,22,23,23,23,22,22,38.44,0,3.2,3.21,3.2,2.2,2.2,3.2,3.2,3.2,3.2,3.21,3.2,3.2,3.2,3.2,0,8756106,3.21,3.2,100.0,100,-90.2,23,22,3,22,22,22,23,23,22,22,38.44,0,3.2,3.2,3.21,2.2,2.2,3.2,3.2,3.2,3.2,3.21,3.21,3.21,3.2,3.2,0,8535672,3.21,3.2,100.0,100,False,False,False
10-02-2021,12:37:58,-92.80000000000001,23,22,67,22,22,23,23,23,22,22,38.45,0,3.2,3.21,3.2,2.2,2.2,3.21,3.2,3.2,3.2,3.21,3.2,3.2,3.2,3.2,0,8756382,3.21,3.2,100.0,100,-90.2,23,22,67,22,22,22,23,22,22,22,38.44,0,3.2,3.2,3.21,2.2,2.2,3.2,3.2,3.2,3.2,3.21,3.21,3.21,3.2,3.2,0,8535940,3.21,3.2,100.0,100,False,False,False
10-02-2021,12:38:01,-92.80000000000001,23,22,3,22,22,23,23,23,22,22,38.44,0,3.2,3.21,3.2,2.2,2.2,3.21,3.2,3.2,3.2,3.21,3.2,3.2,3.2,3.2,0,8756566,3.21,3.2,100.0,100,-90.2,23,22,3,22,22,22,23,23,22,22,38.44,0,3.2,3.2,3.21,2.2,2.2,3.2,3.2,3.2,3.2,3.21,3.21,3.21,3.2,3.2,0,8536120,3.21,3.2,100.0,100,False,False,False
10-02-2021,12:38:03,-92.9,23,22,67,22,22,23,23,23,22,22,38.44,0,3.2,3.21,3.2,2.2,2.2,3.2,3.2,3.2,3.2,3.21,3.2,3.2,3.2,3.2,0,8756843,3.21,3.2,100.0,100,-90.2,23,22,67,22,22,22,23,23,22,22,38.44,0,3.2,3.2,3.21,2.2,2.2,3.2,3.2,3.2,3.2,3.21,3.21,3.2,3.2,3.2,0,8536388,3.21,3.2,100.0,100,False,False,False
10-02-2021,12:38:06,-92.80000000000001,23,22,3,22,22,23,23,23,22,22,38.44,0,3.2,3.21,3.2,2.2,2.2,3.21,3.2,3.2,3.2,3.21,3.2,3.2,3.2,3.2,0,8757119,3.21,3.2,100.0,100,-90.2,23,22,3,22,22,22,23,23,22,22,38.44,0,3.2,3.2,3.21,2.2,2.2,3.2,3.2,3.2,3.2,3.21,3.21,3.21,3.2,3.2,0,8536657,3.21,3.2,100.0,100,False,False,False
10-02-2021,12:38:09,-92.9,23,22,67,22,22,23,23,23,22,22,38.44,0,3.2,3.21,3.2,2.2,2.2,3.2,3.2,3.2,3.2,3.21,3.2,3.2,3.2,3.2,0,8757395,3.21,3.2,100.0,100,-90.2,23,22,67,22,22,22,23,23,22,22,38.44,0,3.2,3.2,3.21,2.2,2.2,3.2,3.2,3.2,3.2,3.21,3.21,3.21,3.2,3.2,0,8536925,3.21,3.2,100.0,100,False,False,False
10-02-2021,12:38:12,-92.9,23,22,3,22,22,23,23,23,22,22,38.44,0,3.2,3.21,3.2,2.2,2.2,3.21,3.2,3.2,3.2,3.21,3.2,3.2,3.2,3.2,0,8757580,3.21,3.2,100.0,100,-90.2,23,22,3,22,22,22,23,23,22,22,38.43,0,3.2,3.2,3.21,2.2,2.2,3.2,3.2,3.2,3.2,3.21,3.21,3.21,3.2,3.2,0,8537104,3.21,3.2,100.0,100,False,False,False
10-02-2021,12:38:14,-92.80000000000001,23,22,67,22,22,23,23,23,22,22,38.44,0,3.2,3.21,3.2,2.2,2.2,3.2,3.2,3.2,3.2,3.21,3.2,3.2,3.2,3.2,0,8757856,3.21,3.2,100.0,100,-90.2,23,22,67,22,22,22,23,23,22,22,38.44,0,3.2,3.2,3.21,2.2,2.2,3.2,3.2,3.2,3.2,3.21,3.21,3.21,3.2,3.2,0,8537373,3.21,3.2,100.0,100,False,False,False
10-02-2021,12:38:17,-92.9,23,22,3,22,22,23,23,23,22,22,38.44,0,3.2,3.21,3.2,2.2,2.2,3.2,3.2,3.2,3.2,3.21,3.2,3.2,3.2,3.2,0,8758133,3.21,3.2,100.0,100,-90.2,23,22,3,22,22,22,23,23,22,22,38.44,0,3.2,3.2,3.21,2.2,2.2,3.2,3.2,3.2,3.2,3.21,3.21,3.21,3.2,3.2,0,8537641,3.21,3.2,100.0,100,False,False,False
10-02-2021,12:38:20,-92.80000000000001,23,22,67,22,22,23,23,23,22,22,38.44,0,3.2,3.21,3.2,2.2,2.2,3.2,3.2,3.2,3.2,3.21,3.2,3.2,3.2,3.2,0,8758409,3.21,3.2,100.0,100,-90.2,23,22,67,22,22,22,23,23,22,22,38.44,0,3.2,3.2,3.21,2.2,2.2,3.2,3.2,3.2,3.2,3.21,3.21,3.21,3.2,3.2,0,8537910,3.21,3.2,100.0,100,False,False,False
10-02-2021,12:38:23,-92.80000000000001,23,22,3,22,22,23,23,23,22,22,38.44,0,3.2,3.21,3.2,2.2,2.2,3.2,3.2,3.2,3.2,3.21,3.2,3.2,3.2,3.2,0,8758593,3.21,3.2,100.0,100,-90.2,23,22,3,22,22,22,23,22,22,22,38.43,0,3.2,3.2,3.21,2.2,2.2,3.2,3.2,3.2,3.2,3.21,3.21,3.21,3.2,3.2,0,8538179,3.21,3.2,100.0,100,False,False,False
10-02-2021,12:38:25,-92.80000000000001,23,22,67,22,22,23,23,23,22,22,38.44,0,3.2,3.21,3.2,2.2,2.2,3.2,3.2,3.2,3.2,3.21,3.2,3.2,3.2,3.2,0,8758869,3.21,3.2,100.0,100,-90.2,23,22,67,22,22,22,23,23,22,22,38.43,0,3.2,3.2,3.21,2.2,2.2,3.2,3.2,3.2,3.2,3.21,3.21,3.2,3.2,3.2,0,8538358,3.21,3.2,100.0,100,False,False,False
10-02-2021,12:38:28,-92.80000000000001,23,22,3,22,22,23,23,23,22,22,38.44,0,3.2,3.21,3.2,2.2,2.2,3.2,3.2,3.2,3.2,3.21,3.2,3.2,3.2,3.2,0,8759146,3.21,3.2,100.0,100,-90.2,23,22,3,22,22,22,23,23,22,22,38.44,0,3.2,3.2,3.21,2.2,2.2,3.2,3.2,3.2,3.2,3.21,3.21,3.21,3.2,3.2,0,8538626,3.21,3.2,100.0,100,False,False,False
10-02-2021,12:38:31,-92.80000000000001,23,22,67,22,22,23,23,23,22,22,38.44,0,3.2,3.21,3.2,2.2,2.2,3.2,3.2,3.2,3.2,3.21,3.2,3.2,3.2,3.2,0,8759422,3.21,3.2,100.0,100,-90.2,23,22,67,22,22,22,23,22,22,22,38.44,0,3.2,3.2,3.21,2.2,2.2,3.2,3.2,3.2,3.2,3.21,3.21,3.21,3.2,3.2,0,8538895,3.21,3.2,100.0,100,False,False,False
10-02-2021,12:38:34,-92.80000000000001,23,22,3,22,22,23,23,23,22,22,38.44,0,3.2,3.21,3.2,2.2,2.2,3.2,3.2,3.2,3.2,3.21,3.2,3.2,3.2,3.2,0,8759606,3.21,3.2,100.0,100,-90.2,23,22,3,22,22,22,23,23,22,22,38.44,0,3.2,3.2,3.21,2.2,2.2,3.2,3.2,3.2,3.2,3.21,3.21,3.21,3.2,3.2,0,8539074,3.21,3.2,100.0,100,False,False,False
10-02-2021,12:38:36,-92.80000000000001,23,22,67,22,22,23,23,23,22,22,38.44,0,3.2,3.21,3.2,2.2,2.2,3.2,3.2,3.2,3.2,3.21,3.2,3.2,3.2,3.2,0,8759883,3.21,3.2,100.0,100,-90.2,23,22,67,22,22,22,23,23,22,22,38.44,0,3.2,3.2,3.21,2.2,2.2,3.2,3.2,3.2,3.2,3.21,3.21,3.21,3.2,3.2,0,8539343,3.21,3.2,100.0,100,False,False,False
10-02-2021,12:38:39,-92.80000000000001,23,22,3,22,22,23,23,23,22,22,38.44,0,3.2,3.21,3.2,2.2,2.2,3.2,3.2,3.2,3.2,3.21,3.2,3.2,3.2,3.2,0,8760159,3.21,3.2,100.0,100,-90.2,23,22,3,22,22,22,23,22,22,22,38.44,0,3.2,3.2,3.21,2.2,2.2,3.2,3.2,3.2,3.2,3.21,3.21,3.21,3.2,3.2,0,8539611,3.21,3.2,100.0,100,False,False,False
10-02-2021,12:38:42,-92.80000000000001,23,22,67,22,22,23,23,23,22,22,38.44,0,3.2,3.21,3.2,2.2,2.2,3.21,3.2,3.2,3.2,3.21,3.2,3.2,3.2,3.2,0,8760436,3.21,3.2,100.0,100,-90.2,23,22,67,22,22,22,23,23,22,22,38.44,0,3.2,3.2,3.21,2.2,2.2,3.2,3.2,3.2,3.2,3.21,3.21,3.21,3.2,3.2,0,8539879,3.21,3.2,100.0,100,False,False,False
10-02-2021,12:38:45,-92.80000000000001,23,22,3,22,22,23,23,23,22,22,38.44,0,3.2,3.21,3.2,2.2,2.2,3.2,3.2,3.2,3.2,3.21,3.2,3.2,3.2,3.2,0,8760620,3.21,3.2,100.0,100,-90.30000000000001,23,22,3,22,22,22,23,23,22,22,38.44,0,3.2,3.2,3.21,2.2,2.2,3.2,3.2,3.2,3.2,3.21,3.21,3.21,3.2,3.2,0,8540059,3.21,3.2,100.0,100,False,False,False
10-02-2021,12:38:47,-92.9,23,22,67,22,22,23,23,23,22,22,38.44,0,3.2,3.21,3.2,2.2,2.2,3.2,3.2,3.2,3.2,3.21,3.2,3.2,3.2,3.2,0,8760896,3.21,3.2,100.0,100,-90.10000000000001,23,22,67,22,22,22,23,23,22,22,38.44,0,3.2,3.2,3.21,2.2,2.2,3.2,3.2,3.2,3.2,3.21,3.21,3.21,3.2,3.2,0,8540327,3.21,3.2,100.0,100,False,False,False
10-02-2021,12:38:50,-92.80000000000001,23,22,3,22,22,23,23,23,22,22,38.44,0,3.2,3.21,3.2,2.2,2.2,3.2,3.2,3.2,3.2,3.21,3.2,3.2,3.2,3.2,0,8761173,3.21,3.2,100.0,100,-90.2,23,22,3,22,22,22,23,23,22,22,38.44,0,3.2,3.2,3.21,2.2,2.2,3.2,3.2,3.2,3.2,3.21,3.21,3.21,3.2,3.2,0,8540596,3.21,3.2,100.0,100,False,False,False
10-02-2021,12:38:53,-92.80000000000001,23,22,67,22,22,23,23,23,22,22,38.44,0,3.2,3.21,3.2,2.2,2.2,3.2,3.2,3.2,3.2,3.21,3.2,3.2,3.2,3.2,0,8761449,3.21,3.2,100.0,100,-90.2,23,22,67,22,22,22,23,23,22,22,38.44,0,3.2,3.2,3.21,2.2,2.2,3.2,3.2,3.2,3.2,3.21,3.21,3.21,3.2,3.2,0,8540864,3.21,3.2,100.0,100,False,False,False
10-02-2021,12:38:55,-92.9,23,22,3,22,22,23,23,23,22,22,38.44,0,3.2,3.21,3.2,2.2,2.2,3.2,3.2,3.2,3.2,3.21,3.2,3.2,3.2,3.2,0,8761726,3.21,3.2,100.0,100,-90.10000000000001,23,22,3,22,22,22,23,23,22,22,38.43,0,3.2,3.2,3.21,2.2,2.2,3.2,3.2,3.2,3.2,3.21,3.21,3.21,3.2,3.2,0,8541043,3.21,3.2,100.0,100,False,False,False
10-02-2021,12:38:58,-92.80000000000001,23,22,67,22,22,23,23,23,22,22,38.44,0,3.2,3.21,3.2,2.2,2.2,3.2,3.2,3.2,3.2,3.21,3.2,3.2,3.2,3.2,0,8761910,3.21,3.2,100.0,100,-90.10000000000001,23,22,67,22,22,22,23,22,22,22,38.44,0,3.2,3.2,3.21,2.2,2.2,3.2,3.2,3.2,3.2,3.21,3.21,3.2,3.2,3.2,0,8541312,3.21,3.2,100.0,100,False,False,False
10-02-2021,12:39:01,-92.80000000000001,23,22,3,22,22,23,23,23,22,22,38.44,0,3.2,3.21,3.2,2.2,2.2,3.2,3.2,3.2,3.2,3.21,3.2,3.2,3.2,3.2,0,8762187,3.21,3.2,100.0,100,-90.2,23,22,3,22,22,22,23,22,22,22,38.43,0,3.2,3.2,3.21,2.2,2.2,3.2,3.2,3.2,3.2,3.21,3.21,3.21,3.2,3.2,0,8541580,3.21,3.2,100.0,100,False,False,False
10-02-2021,12:39:04,-92.80000000000001,23,22,67,22,22,23,23,23,22,22,38.44,0,3.2,3.21,3.2,2.2,2.2,3.2,3.2,3.2,3.2,3.21,3.2,3.2,3.2,3.2,0,8762463,3.21,3.2,100.0,100,-90.2,23,22,67,22,22,22,23,23,22,22,38.44,0,3.2,3.2,3.21,2.2,2.2,3.2,3.2,3.2,3.2,3.21,3.21,3.21,3.2,3.2,0,8541849,3.21,3.2,100.0,100,False,False,False
10-02-2021,12:39:06,-92.80000000000001,23,22,3,22,22,23,23,23,22,22,38.44,0,3.2,3.21,3.2,2.2,2.2,3.2,3.2,3.2,3.2,3.21,3.2,3.2,3.2,3.2,0,8762742,3.21,3.2,100.0,100,-90.2,23,22,3,22,22,22,23,23,22,22,38.43,0,3.2,3.2,3.21,2.2,2.2,3.2,3.2,3.2,3.2,3.21,3.21,3.21,3.2,3.2,0,8542027,3.21,3.2,100.0,100,False,False,False
10-02-2021,12:39:09,-92.80000000000001,23,22,67,22,22,23,23,23,22,22,38.44,0,3.2,3.21,3.2,2.2,2.2,3.2,3.2,3.2,3.2,3.21,3.2,3.2,3.2,3.2,0,8762926,3.21,3.2,100.0,100,-90.2,23,22,67,22,22,22,23,22,22,22,38.43,0,3.2,3.2,3.21,2.2,2.2,3.2,3.2,3.2,3.2,3.21,3.21,3.2,3.2,3.2,0,8542296,3.21,3.2,100.0,100,False,False,False
10-02-2021,12:39:12,-92.80000000000001,23,22,3,22,22,23,23,23,22,22,38.44,0,3.2,3.21,3.2,2.2,2.2,3.2,3.2,3.2,3.2,3.21,3.2,3.2,3.2,3.2,0,8763202,3.21,3.2,100.0,100,-90.2,23,22,3,22,22,22,23,23,22,22,38.43,0,3.2,3.2,3.21,2.2,2.2,3.2,3.2,3.2,3.2,3.21,3.21,3.21,3.2,3.2,0,8542565,3.21,3.2,100.0,100,False,False,False
10-02-2021,12:39:15,-92.80000000000001,23,22,67,22,22,23,23,23,22,22,38.44,0,3.2,3.21,3.2,2.2,2.2,3.2,3.2,3.2,3.2,3.21,3.2,3.2,3.2,3.2,0,8763479,3.21,3.2,100.0,100,-90.2,23,22,67,22,22,22,23,22,22,22,38.43,0,3.2,3.2,3.21,2.2,2.2,3.2,3.2,3.2,3.2,3.21,3.21,3.21,3.2,3.2,0,8542833,3.21,3.2,100.0,100,False,False,False
10-02-2021,12:39:17,-92.9,23,22,3,22,22,23,23,23,22,22,38.44,0,3.2,3.21,3.2,2.2,2.2,3.2,3.2,3.2,3.2,3.21,3.2,3.2,3.2,3.2,0,8763757,3.21,3.2,100.0,100,-90.2,23,22,3,22,22,22,23,23,22,22,38.44,0,3.2,3.2,3.21,2.2,2.2,3.2,3.2,3.2,3.2,3.21,3.21,3.2,3.2,3.2,0,8543012,3.21,3.2,100.0,100,False,False,False
10-02-2021,12:39:20,-92.80000000000001,23,22,67,22,22,23,23,23,22,22,38.44,0,3.2,3.21,3.2,2.2,2.2,3.2,3.2,3.2,3.2,3.21,3.2,3.2,3.2,3.2,0,8763941,3.21,3.2,100.0,100,-90.2,23,22,67,22,22,22,23,23,22,22,38.43,0,3.2,3.2,3.21,2.2,2.2,3.2,3.2,3.2,3.2,3.21,3.21,3.2,3.2,3.2,0,8543281,3.21,3.2,100.0,100,False,False,False
10-02-2021,12:39:23,-92.80000000000001,23,22,3,22,22,23,23,23,22,22,38.44,0,3.2,3.21,3.2,2.2,2.2,3.2,3.2,3.2,3.2,3.21,3.2,3.2,3.2,3.2,0,8764217,3.21,3.2,100.0,100,-90.2,23,22,3,22,22,22,23,22,22,22,38.43,0,3.2,3.2,3.21,2.2,2.2,3.2,3.2,3.2,3.2,3.21,3.21,3.2,3.2,3.2,0,8543550,3.21,3.2,100.0,100,False,False,False
10-02-2021,12:39:26,-92.80000000000001,23,22,67,22,22,23,23,23,22,22,38.44,0,3.2,3.21,3.2,2.2,2.2,3.2,3.2,3.2,3.2,3.21,3.2,3.2,3.2,3.2,0,8764494,3.21,3.2,100.0,100,-90.30000000000001,23,22,67,22,22,22,23,23,22,22,38.43,0,3.2,3.2,3.21,2.2,2.2,3.2,3.2,3.2,3.2,3.21,3.21,3.21,3.2,3.2,0,8543818,3.21,3.2,100.0,100,False,False,False
10-02-2021,12:39:28,-92.80000000000001,23,22,3,22,22,23,23,23,22,22,38.44,0,3.2,3.21,3.2,2.2,2.2,3.2,3.2,3.2,3.2,3.21,3.2,3.2,3.2,3.2,0,8764771,3.21,3.2,100.0,100,-90.30000000000001,23,22,3,22,22,22,23,23,22,22,38.43,0,3.2,3.2,3.21,2.2,2.2,3.2,3.2,3.2,3.2,3.21,3.21,3.21,3.2,3.2,0,8543997,3.21,3.2,100.0,100,False,False,False
10-02-2021,12:39:31,-92.9,23,22,67,22,22,23,23,23,22,22,38.44,0,3.2,3.21,3.2,2.2,2.2,3.2,3.2,3.2,3.2,3.21,3.2,3.2,3.2,3.2,0,8764956,3.21,3.2,100.0,100,-90.2,23,22,67,22,22,22,23,23,22,22,38.43,0,3.2,3.2,3.21,2.2,2.2,3.2,3.2,3.2,3.2,3.21,3.21,3.21,3.2,3.2,0,8544266,3.21,3.2,100.0,100,False,False,False
10-02-2021,12:39:34,-92.80000000000001,23,22,3,22,22,23,23,23,22,22,38.44,0,3.2,3.21,3.2,2.2,2.2,3.2,3.2,3.2,3.2,3.21,3.2,3.2,3.2,3.2,0,8765233,3.21,3.2,100.0,100,-90.2,23,22,3,22,22,22,23,23,22,22,38.43,0,3.2,3.2,3.21,2.2,2.2,3.2,3.2,3.2,3.2,3.21,3.21,3.2,3.2,3.2,0,8544534,3.21,3.2,100.0,100,False,False,False
10-02-2021,12:39:37,-92.80000000000001,23,22,67,22,22,23,23,23,22,22,38.44,0,3.2,3.21,3.2,2.2,2.2,3.2,3.2,3.2,3.2,3.21,3.2,3.2,3.2,3.2,0,8765509,3.21,3.2,100.0,100,-90.2,23,22,67,22,22,22,23,23,22,22,38.43,0,3.2,3.2,3.21,2.2,2.2,3.2,3.2,3.2,3.2,3.21,3.21,3.21,3.2,3.2,0,8544803,3.21,3.2,100.0,100,False,False,False
10-02-2021,12:39:39,-92.80000000000001,23,22,3,22,22,23,23,23,22,22,38.44,0,3.2,3.21,3.2,2.2,2.2,3.2,3.2,3.2,3.2,3.21,3.2,3.2,3.2,3.2,0,8765787,3.21,3.2,100.0,100,-90.30000000000001,23,22,3,22,22,22,23,23,22,22,38.43,0,3.2,3.2,3.21,2.2,2.2,3.2,3.2,3.2,3.2,3.21,3.21,3.21,3.2,3.2,0,8544982,3.21,3.2,100.0,100,False,False,False
10-02-2021,12:39:42,-92.9,23,22,67,22,22,23,23,23,22,22,38.44,0,3.2,3.21,3.2,2.2,2.2,3.2,3.2,3.2,3.2,3.21,3.2,3.2,3.2,3.2,0,8765971,3.21,3.2,100.0,100,-90.2,23,22,67,22,22,22,23,23,22,22,38.43,0,3.2,3.2,3.21,2.2,2.2,3.2,3.2,3.2,3.2,3.21,3.21,3.2,3.2,3.2,0,8545251,3.21,3.2,100.0,100,False,False,False
10-02-2021,12:39:45,-92.80000000000001,23,22,3,22,22,23,23,23,22,22,38.44,0,3.2,3.21,3.2,2.2,2.2,3.2,3.2,3.2,3.2,3.21,3.2,3.2,3.2,3.2,0,8766248,3.21,3.2,100.0,100,-90.2,23,22,3,22,22,22,23,23,22,22,38.43,0,3.2,3.2,3.21,2.2,2.2,3.2,3.2,3.2,3.2,3.21,3.21,3.2,3.2,3.2,0,8545519,3.21,3.2,100.0,100,False,False,False
10-02-2021,12:39:47,-92.80000000000001,23,22,67,22,22,23,23,23,22,22,38.44,0,3.2,3.21,3.2,2.2,2.2,3.2,3.2,3.2,3.2,3.21,3.2,3.2,3.2,3.2,0,8766524,3.21,3.2,100.0,100,-90.2,23,22,67,22,22,22,23,23,22,22,38.43,0,3.2,3.2,3.21,2.2,2.2,3.2,3.2,3.2,3.2,3.21,3.21,3.21,3.2,3.2,0,8545788,3.21,3.2,100.0,100,False,False,False
10-02-2021,12:39:50,-92.9,23,22,3,22,22,23,23,23,22,22,38.44,0,3.2,3.21,3.2,2.2,2.2,3.2,3.2,3.2,3.2,3.21,3.2,3.2,3.2,3.2,0,8766803,3.21,3.2,100.0,100,-90.2,23,22,3,22,22,22,23,23,22,22,38.43,0,3.2,3.2,3.21,2.2,2.2,3.2,3.2,3.2,3.2,3.21,3.21,3.21,3.2,3.2,0,8545967,3.21,3.2,100.0,100,False,False,False
10-02-2021,12:39:53,-92.80000000000001,23,22,67,22,22,23,23,23,22,22,38.44,0,3.2,3.21,3.2,2.2,2.2,3.2,3.2,3.2,3.2,3.21,3.2,3.2,3.2,3.2,0,8766987,3.21,3.2,100.0,100,-90.2,23,22,67,22,22,22,23,23,22,22,38.43,0,3.2,3.2,3.21,2.2,2.2,3.2,3.2,3.2,3.2,3.21,3.21,3.2,3.2,3.2,0,8546236,3.21,3.2,100.0,100,False,False,False
10-02-2021,12:39:56,-92.9,23,22,3,22,22,23,23,23,22,22,38.44,0,3.2,3.21,3.2,2.2,2.2,3.2,3.2,3.2,3.2,3.21,3.2,3.2,3.2,3.2,0,8767264,3.21,3.2,100.0,100,-90.2,23,22,3,22,22,22,23,23,22,22,38.43,0,3.2,3.2,3.21,2.2,2.2,3.2,3.2,3.2,3.2,3.21,3.21,3.21,3.2,3.2,0,8546504,3.21,3.2,100.0,100,False,False,False
10-02-2021,12:39:58,-92.9,23,22,67,22,22,23,23,23,22,22,38.44,0,3.2,3.21,3.2,2.2,2.2,3.2,3.2,3.2,3.2,3.21,3.2,3.2,3.2,3.2,0,8767541,3.21,3.2,100.0,100,-90.2,23,22,67,22,22,22,23,23,22,22,38.43,0,3.2,3.2,3.21,2.2,2.2,3.2,3.2,3.2,3.2,3.21,3.21,3.2,3.2,3.2,0,8546773,3.21,3.2,100.0,100,False,False,False
10-02-2021,12:40:01,-92.80000000000001,23,22,3,22,22,23,23,23,22,22,38.44,0,3.2,3.21,3.2,2.2,2.2,3.2,3.2,3.2,3.2,3.21,3.2,3.2,3.2,3.2,0,8767818,3.21,3.2,100.0,100,-90.2,23,22,3,22,22,22,23,23,22,22,38.43,0,3.2,3.2,3.21,2.2,2.2,3.2,3.2,3.2,3.2,3.21,3.21,3.21,3.2,3.2,0,8546952,3.21,3.2,100.0,100,False,False,False
10-02-2021,12:40:04,-92.9,23,22,67,22,22,23,23,23,22,22,38.44,0,3.2,3.21,3.2,2.2,2.2,3.2,3.2,3.2,3.2,3.21,3.2,3.2,3.2,3.2,0,8768003,3.21,3.2,100.0,100,-90.2,23,22,67,22,22,22,23,23,22,22,38.43,0,3.2,3.2,3.21,2.2,2.2,3.2,3.2,3.2,3.2,3.21,3.21,3.2,3.2,3.2,0,8547221,3.21,3.2,100.0,100,False,False,False
10-02-2021,12:40:07,-92.80000000000001,23,22,3,22,22,23,23,23,22,22,38.44,0,3.2,3.21,3.2,2.2,2.2,3.2,3.2,3.2,3.2,3.21,3.2,3.2,3.2,3.2,0,8768279,3.21,3.2,100.0,100,-90.10000000000001,23,22,3,22,22,22,23,23,22,22,38.43,0,3.2,3.2,3.21,2.2,2.2,3.2,3.2,3.2,3.2,3.21,3.21,3.2,3.2,3.2,0,8547489,3.21,3.2,100.0,100,False,False,False
10-02-2021,12:40:09,-92.80000000000001,23,22,67,22,22,23,23,23,22,22,38.44,0,3.2,3.21,3.2,2.2,2.2,3.2,3.2,3.2,3.2,3.21,3.2,3.2,3.2,3.2,0,8768556,3.21,3.2,100.0,100,-90.30000000000001,23,22,67,22,22,22,23,23,22,22,38.43,0,3.2,3.2,3.21,2.2,2.2,3.2,3.2,3.2,3.2,3.21,3.21,3.2,3.2,3.2,0,8547758,3.21,3.2,100.0,100,False,False,False
10-02-2021,12:40:12,-92.9,23,22,3,22,22,23,23,23,22,22,38.44,0,3.2,3.21,3.2,2.2,2.2,3.2,3.2,3.2,3.2,3.21,3.2,3.2,3.2,3.2,0,8768835,3.21,3.2,100.0,100,-90.2,23,22,3,22,22,22,23,23,22,22,38.43,0,3.2,3.2,3.21,2.2,2.2,3.2,3.2,3.2,3.2,3.21,3.21,3.2,3.2,3.2,0,8547937,3.21,3.2,100.0,100,False,False,False
10-02-2021,12:40:15,-92.80000000000001,23,22,67,22,22,23,23,23,22,22,38.44,0,3.2,3.21,3.2,2.2,2.2,3.2,3.2,3.2,3.2,3.21,3.2,3.2,3.2,3.2,0,8769019,3.21,3.2,100.0,100,-90.2,23,22,67,22,22,22,23,23,22,22,38.43,0,3.2,3.2,3.21,2.2,2.2,3.2,3.2,3.2,3.2,3.21,3.21,3.2,3.2,3.2,0,8548206,3.21,3.2,100.0,100,False,False,False
10-02-2021,12:40:18,-92.80000000000001,23,22,3,22,22,23,23,23,22,22,38.44,0,3.2,3.21,3.2,2.2,2.2,3.2,3.2,3.2,3.2,3.21,3.2,3.2,3.2,3.2,0,8769296,3.21,3.2,100.0,100,-90.2,23,22,3,22,22,22,23,23,22,22,38.43,0,3.2,3.2,3.21,2.2,2.2,3.2,3.2,3.2,3.2,3.21,3.21,3.21,3.2,3.2,0,8548474,3.21,3.2,100.0,100,False,False,False
10-02-2021,12:40:20,-92.9,23,22,67,22,22,23,23,23,22,22,38.44,0,3.2,3.21,3.2,2.2,2.2,3.2,3.2,3.2,3.2,3.21,3.2,3.2,3.2,3.2,0,8769572,3.21,3.2,100.0,100,-90.2,23,22,67,22,22,22,23,23,22,22,38.43,0,3.2,3.2,3.21,2.2,2.2,3.2,3.2,3.2,3.2,3.21,3.21,3.2,3.2,3.2,0,8548743,3.21,3.2,100.0,100,False,False,False
10-02-2021,12:40:23,-92.80000000000001,23,22,3,22,22,23,23,23,22,22,38.44,0,3.2,3.21,3.2,2.2,2.2,3.2,3.2,3.2,3.2,3.21,3.2,3.2,3.2,3.2,0,8769850,3.21,3.2,100.0,100,-90.2,23,22,3,22,22,22,23,23,22,22,38.43,0,3.2,3.2,3.21,2.2,2.2,3.2,3.2,3.2,3.2,3.21,3.21,3.2,3.2,3.2,0,8548922,3.21,3.2,100.0,100,False,False,False
10-02-2021,12:40:26,-92.80000000000001,23,22,67,22,22,23,23,23,22,22,38.44,0,3.2,3.21,3.2,2.2,2.2,3.2,3.2,3.2,3.2,3.21,3.2,3.2,3.2,3.2,0,8770035,3.21,3.2,100.0,100,-90.2,23,22,67,22,22,22,23,23,22,22,38.43,0,3.2,3.2,3.21,2.2,2.2,3.2,3.2,3.2,3.2,3.21,3.21,3.2,3.2,3.2,0,8549190,3.21,3.2,100.0,100,False,False,False
10-02-2021,12:40:28,-92.80000000000001,23,22,3,22,22,23,23,23,22,22,38.44,0,3.2,3.21,3.2,2.2,2.2,3.2,3.2,3.2,3.2,3.21,3.2,3.2,3.2,3.2,0,8770311,3.21,3.2,100.0,100,-90.2,23,22,3,22,22,22,23,23,22,22,38.43,0,3.2,3.2,3.21,2.2,2.2,3.2,3.2,3.2,3.2,3.21,3.21,3.2,3.2,3.2,0,8549459,3.21,3.2,100.0,100,False,False,False
10-02-2021,12:40:31,-92.9,23,22,67,22,22,23,23,23,22,22,38.44,0,3.2,3.21,3.2,2.2,2.2,3.2,3.2,3.2,3.2,3.21,3.2,3.2,3.2,3.2,0,8770588,3.21,3.2,100.0,100,-90.2,23,22,67,22,22,22,23,23,22,22,38.43,0,3.2,3.2,3.21,2.2,2.2,3.2,3.2,3.2,3.2,3.21,3.21,3.2,3.2,3.2,0,8549727,3.21,3.2,100.0,100,False,False,False
10-02-2021,12:40:34,-92.9,23,22,3,22,22,23,23,23,22,22,38.44,0,3.2,3.21,3.2,2.2,2.2,3.2,3.2,3.2,3.2,3.21,3.2,3.2,3.2,3.2,0,8770865,3.21,3.2,100.0,100,-90.30000000000001,23,22,3,22,22,22,23,23,22,22,38.43,0,3.2,3.2,3.21,2.2,2.2,3.2,3.2,3.2,3.2,3.21,3.21,3.2,3.2,3.2,0,8549907,3.21,3.2,100.0,100,False,False,False
10-02-2021,12:40:37,-92.9,23,22,67,22,22,23,23,23,22,22,38.44,0,3.2,3.21,3.2,2.2,2.2,3.2,3.2,3.2,3.2,3.21,3.2,3.2,3.2,3.2,0,8771050,3.21,3.2,100.0,100,-90.2,23,22,67,22,22,22,23,23,22,22,38.43,0,3.2,3.2,3.21,2.2,2.2,3.2,3.2,3.2,3.2,3.21,3.21,3.2,3.2,3.2,0,8550175,3.21,3.2,100.0,100,False,False,False
10-02-2021,12:40:39,-92.9,23,22,3,22,22,23,23,23,22,22,38.44,0,3.2,3.21,3.2,2.2,2.2,3.2,3.2,3.2,3.2,3.21,3.2,3.2,3.2,3.2,0,8771326,3.21,3.2,100.0,100,-90.30000000000001,23,22,3,22,22,22,23,23,22,22,38.43,0,3.2,3.2,3.21,2.2,2.2,3.2,3.2,3.2,3.2,3.21,3.21,3.2,3.2,3.2,0,8550443,3.21,3.2,100.0,100,False,False,False
10-02-2021,12:40:42,-92.80000000000001,23,22,67,22,22,23,23,23,22,22,38.44,0,3.2,3.21,3.2,2.2,2.2,3.2,3.2,3.2,3.2,3.21,3.2,3.2,3.2,3.2,0,8771603,3.21,3.2,100.0,100,-90.2,23,22,67,22,22,22,23,23,22,22,38.43,0,3.2,3.2,3.21,2.2,2.2,3.2,3.2,3.2,3.2,3.21,3.21,3.21,3.2,3.2,0,8550712,3.21,3.2,100.0,100,False,False,False
10-02-2021,12:40:45,-92.80000000000001,23,22,3,22,22,23,23,23,22,22,38.44,0,3.2,3.21,3.2,2.2,2.2,3.2,3.2,3.2,3.2,3.21,3.2,3.2,3.2,3.2,0,8771881,3.21,3.2,100.0,100,-90.30000000000001,23,22,3,22,22,22,23,23,22,22,38.43,0,3.2,3.2,3.21,2.2,2.2,3.2,3.2,3.2,3.2,3.21,3.21,3.2,3.2,3.2,0,8550891,3.21,3.2,100.0,100,False,False,False
10-02-2021,12:40:48,-92.9,23,22,67,22,22,23,23,23,22,22,38.44,0,3.2,3.21,3.2,2.2,2.2,3.2,3.2,3.2,3.2,3.21,3.2,3.2,3.2,3.2,0,8772065,3.21,3.2,100.0,100,-90.2,23,22,67,22,22,22,23,23,22,22,38.43,0,3.2,3.2,3.21,2.2,2.2,3.2,3.2,3.2,3.2,3.21,3.21,3.2,3.2,3.2,0,8551160,3.21,3.2,100.0,100,False,False,False
10-02-2021,12:40:50,-92.9,23,22,3,22,22,23,23,23,22,22,38.44,0,3.2,3.21,3.2,2.2,2.2,3.2,3.2,3.2,3.2,3.21,3.2,3.2,3.2,3.2,0,8772341,3.21,3.2,100.0,100,-90.2,23,22,3,22,22,22,23,23,22,22,38.43,0,3.2,3.2,3.21,2.2,2.2,3.2,3.2,3.2,3.2,3.21,3.21,3.2,3.2,3.2,0,8551428,3.21,3.2,100.0,100,False,False,False
10-02-2021,12:40:53,-92.80000000000001,23,22,67,22,22,23,23,23,22,22,38.44,0,3.2,3.21,3.2,2.2,2.2,3.2,3.2,3.2,3.2,3.21,3.2,3.2,3.2,3.2,0,8772618,3.21,3.2,100.0,100,-90.2,23,22,67,22,22,22,23,23,22,22,38.43,0,3.2,3.2,3.21,2.2,2.2,3.2,3.2,3.2,3.2,3.21,3.21,3.2,3.2,3.2,0,8551697,3.21,3.2,100.0,100,False,False,False
10-02-2021,12:40:56,-92.80000000000001,23,22,3,22,22,23,23,23,22,22,38.44,0,3.2,3.21,3.2,2.2,2.2,3.2,3.2,3.2,3.2,3.21,3.2,3.2,3.2,3.2,0,8772896,3.21,3.2,100.0,100,-90.30000000000001,23,22,3,22,22,22,23,23,22,22,38.43,0,3.2,3.2,3.21,2.2,2.2,3.2,3.2,3.2,3.2,3.21,3.21,3.21,3.2,3.2,0,8551876,3.21,3.2,100.0,100,False,False,False
10-02-2021,12:40:59,-92.80000000000001,23,22,67,22,22,23,23,23,22,22,38.44,0,3.2,3.21,3.2,2.2,2.2,3.2,3.2,3.2,3.2,3.21,3.2,3.2,3.2,3.2,0,8773080,3.21,3.2,100.0,100,-90.2,23,22,67,22,22,22,23,23,22,22,38.43,0,3.2,3.2,3.21,2.2,2.2,3.2,3.2,3.2,3.2,3.21,3.21,3.2,3.2,3.2,0,8552144,3.21,3.2,100.0,100,False,False,False
10-02-2021,12:41:01,-92.80000000000001,23,22,3,22,22,23,23,23,22,22,38.44,0,3.2,3.21,3.2,2.2,2.2,3.2,3.2,3.2,3.2,3.21,3.2,3.2,3.2,3.2,0,8773357,3.21,3.2,100.0,100,-90.2,23,22,3,22,22,22,23,23,22,22,38.43,0,3.2,3.2,3.21,2.2,2.2,3.2,3.2,3.2,3.2,3.21,3.21,3.2,3.2,3.2,0,8552413,3.21,3.2,100.0,100,False,False,False
10-02-2021,12:41:04,-92.9,23,22,67,22,22,23,23,23,22,22,38.44,0,3.2,3.21,3.2,2.2,2.2,3.2,3.2,3.2,3.2,3.21,3.2,3.2,3.2,3.2,0,8773634,3.21,3.2,100.0,100,-90.30000000000001,23,22,67,22,22,22,23,23,22,22,38.43,0,3.2,3.2,3.21,2.2,2.2,3.2,3.2,3.2,3.2,3.21,3.21,3.2,3.2,3.2,0,8552682,3.21,3.2,100.0,100,False,False,False
10-02-2021,12:41:07,-92.9,23,22,3,22,22,23,23,23,22,22,38.44,0,3.2,3.21,3.2,2.2,2.2,3.2,3.2,3.2,3.2,3.21,3.2,3.2,3.2,3.2,0,8773911,3.21,3.2,100.0,100,-90.2,23,22,3,22,22,22,23,23,22,22,38.43,0,3.2,3.2,3.21,2.2,2.2,3.2,3.2,3.2,3.2,3.21,3.21,3.2,3.2,3.2,0,8552860,3.21,3.2,100.0,100,False,False,False
10-02-2021,12:41:10,-92.80000000000001,23,22,67,22,22,23,23,23,22,22,38.44,0,3.2,3.21,3.2,2.2,2.2,3.2,3.2,3.2,3.2,3.21,3.2,3.2,3.2,3.2,0,8774096,3.21,3.2,100.0,100,-90.2,23,22,67,22,22,22,23,23,22,22,38.43,0,3.2,3.2,3.21,2.2,2.2,3.2,3.2,3.2,3.2,3.21,3.21,3.2,3.2,3.2,0,8553129,3.21,3.2,100.0,100,False,False,False
10-02-2021,12:41:12,-92.80000000000001,23,22,3,22,22,23,23,23,22,22,38.44,0,3.2,3.21,3.2,2.2,2.2,3.2,3.2,3.2,3.2,3.21,3.2,3.2,3.2,3.2,0,8774372,3.21,3.2,100.0,100,-90.2,23,22,3,22,22,22,23,23,22,22,38.43,0,3.2,3.2,3.21,2.2,2.2,3.2,3.2,3.2,3.2,3.21,3.21,3.2,3.2,3.2,0,8553398,3.21,3.2,100.0,100,False,False,False
10-02-2021,12:41:15,-92.9,23,22,67,22,22,23,23,23,22,22,38.44,0,3.2,3.21,3.2,2.2,2.2,3.2,3.2,3.2,3.2,3.21,3.2,3.2,3.2,3.2,0,8774649,3.21,3.2,100.0,100,-90.2,23,22,67,22,22,22,23,23,22,22,38.43,0,3.2,3.2,3.21,2.2,2.2,3.2,3.2,3.2,3.2,3.21,3.21,3.2,3.2,3.2,0,8553666,3.21,3.2,100.0,100,False,False,False
10-02-2021,12:41:18,-92.80000000000001,23,22,3,22,22,23,23,23,22,22,38.44,0,3.2,3.21,3.2,2.2,2.2,3.2,3.2,3.2,3.2,3.21,3.2,3.2,3.2,3.2,0,8774927,3.21,3.2,100.0,100,-90.30000000000001,23,22,3,22,22,22,23,23,22,22,38.43,0,3.2,3.2,3.21,2.2,2.2,3.2,3.2,3.2,3.2,3.21,3.21,3.2,3.2,3.2,0,8553846,3.21,3.2,100.0,100,False,False,False
10-02-2021,12:41:21,-92.80000000000001,23,22,67,22,22,23,23,23,22,22,38.44,0,3.2,3.21,3.2,2.2,2.2,3.2,3.2,3.2,3.2,3.21,3.2,3.2,3.2,3.2,0,8775111,3.21,3.2,100.0,100,-90.2,23,22,67,22,22,22,23,23,22,22,38.43,0,3.2,3.2,3.21,2.2,2.2,3.2,3.2,3.2,3.2,3.21,3.21,3.2,3.2,3.2,0,8554114,3.21,3.2,100.0,100,False,False,False
10-02-2021,12:41:23,-92.80000000000001,23,22,3,22,22,23,23,23,22,22,38.44,0,3.2,3.21,3.2,2.2,2.2,3.2,3.2,3.2,3.2,3.21,3.2,3.2,3.2,3.2,0,8775388,3.21,3.2,100.0,100,-90.2,23,22,3,22,22,22,23,23,22,22,38.43,0,3.2,3.2,3.21,2.2,2.2,3.2,3.2,3.2,3.2,3.21,3.21,3.2,3.2,3.2,0,8554383,3.21,3.2,100.0,100,False,False,False
10-02-2021,12:41:26,-92.9,23,22,67,22,22,23,23,23,22,22,38.44,0,3.2,3.21,3.2,2.2,2.2,3.2,3.2,3.2,3.2,3.21,3.2,3.2,3.2,3.2,0,8775664,3.21,3.2,100.0,100,-90.2,23,22,67,22,22,22,23,23,22,22,38.43,0,3.2,3.2,3.21,2.2,2.2,3.2,3.2,3.2,3.2,3.21,3.21,3.2,3.2,3.2,0,8554651,3.21,3.2,100.0,100,False,False,False
10-02-2021,12:41:29,-92.80000000000001,23,22,3,22,22,23,23,23,22,22,38.44,0,3.2,3.21,3.2,2.2,2.2,3.2,3.2,3.2,3.2,3.21,3.2,3.2,3.2,3.2,0,8775942,3.21,3.2,100.0,100,-90.2,23,22,3,22,22,22,23,23,22,22,38.43,0,3.2,3.2,3.21,2.2,2.2,3.2,3.2,3.2,3.2,3.21,3.21,3.2,3.2,3.2,0,8554830,3.21,3.2,100.0,100,False,False,False
10-02-2021,12:41:32,-92.80000000000001,23,22,67,22,22,23,23,23,22,22,38.44,0,3.2,3.21,3.2,2.2,2.2,3.2,3.2,3.2,3.2,3.21,3.2,3.2,3.2,3.2,0,8776126,3.21,3.2,100.0,100,-90.2,23,22,67,22,22,22,23,23,22,22,38.43,0,3.2,3.2,3.21,2.2,2.2,3.2,3.2,3.2,3.2,3.21,3.21,3.2,3.2,3.2,0,8555099,3.21,3.2,100.0,100,False,False,False
10-02-2021,12:41:34,-92.80000000000001,23,22,3,22,22,23,23,23,22,22,38.44,0,3.2,3.21,3.2,2.2,2.2,3.2,3.2,3.2,3.2,3.21,3.2,3.2,3.2,3.2,0,8776403,3.21,3.2,100.0,100,-90.2,23,22,3,22,22,22,23,23,22,22,38.43,0,3.2,3.2,3.21,2.2,2.2,3.2,3.2,3.2,3.2,3.21,3.21,3.2,3.2,3.2,0,8555367,3.21,3.2,100.0,100,False,False,False
10-02-2021,12:41:37,-92.9,23,22,67,22,22,23,23,23,22,22,38.44,0,3.2,3.21,3.2,2.2,2.2,3.2,3.2,3.2,3.2,3.21,3.2,3.2,3.2,3.2,0,8776679,3.21,3.2,100.0,100,-90.10000000000001,23,22,67,22,22,22,23,23,22,22,38.43,0,3.2,3.2,3.2,2.2,2.2,3.2,3.2,3.2,3.2,3.21,3.21,3.2,3.2,3.2,0,8555636,3.21,3.2,100.0,100,False,False,False
10-02-2021,12:41:40,-92.80000000000001,23,22,3,22,22,23,23,23,22,22,38.44,0,3.2,3.21,3.2,2.2,2.2,3.2,3.2,3.2,3.2,3.21,3.2,3.2,3.2,3.2,0,8776957,3.21,3.2,100.0,100,-90.30000000000001,23,22,3,22,22,22,23,23,22,22,38.43,0,3.2,3.2,3.21,2.2,2.2,3.2,3.2,3.2,3.2,3.21,3.21,3.2,3.2,3.2,0,8555815,3.21,3.2,100.0,100,False,False,False
10-02-2021,12:41:42,-92.80000000000001,23,22,67,22,22,23,23,23,22,22,38.44,0,3.2,3.21,3.2,2.2,2.2,3.2,3.2,3.2,3.2,3.21,3.2,3.2,3.2,3.2,0,8777142,3.21,3.2,100.0,100,-90.2,23,22,67,22,22,22,23,23,22,22,38.43,0,3.2,3.2,3.21,2.2,2.2,3.2,3.2,3.2,3.2,3.21,3.21,3.2,3.2,3.2,0,8556083,3.21,3.2,100.0,100,False,False,False
10-02-2021,12:41:45,-92.80000000000001,23,22,3,22,22,23,23,23,22,22,38.44,0,3.2,3.21,3.2,2.2,2.2,3.2,3.2,3.2,3.2,3.21,3.2,3.2,3.2,3.2,0,8777418,3.21,3.2,100.0,100,-90.2,23,22,3,22,22,22,23,23,22,22,38.43,0,3.2,3.2,3.21,2.2,2.2,3.2,3.2,3.2,3.2,3.21,3.21,3.2,3.2,3.2,0,8556352,3.21,3.2,100.0,100,False,False,False
10-02-2021,12:41:48,-92.80000000000001,23,22,67,22,22,23,23,23,22,22,38.44,0,3.2,3.21,3.2,2.2,2.2,3.2,3.2,3.2,3.2,3.21,3.2,3.2,3.2,3.2,0,8777694,3.21,3.2,100.0,100,-90.2,23,22,67,22,22,22,23,23,22,22,38.43,0,3.2,3.2,3.21,2.2,2.2,3.2,3.2,3.2,3.2,3.21,3.21,3.2,3.2,3.2,0,8556620,3.21,3.2,100.0,100,False,False,False
10-02-2021,12:41:51,-92.80000000000001,23,22,3,22,22,23,23,23,22,22,38.44,0,3.2,3.21,3.2,2.2,2.2,3.2,3.2,3.2,3.2,3.21,3.2,3.2,3.2,3.2,0,8777972,3.21,3.2,100.0,100,-90.2,23,22,3,22,22,22,23,23,22,22,38.43,0,3.2,3.2,3.21,2.2,2.2,3.2,3.2,3.2,3.2,3.21,3.21,3.2,3.2,3.2,0,8556799,3.21,3.2,100.0,100,False,False,False
10-02-2021,12:41:53,-92.80000000000001,23,22,67,22,22,23,23,23,22,22,38.44,0,3.2,3.21,3.2,2.2,2.2,3.2,3.2,3.2,3.2,3.21,3.2,3.2,3.2,3.2,0,8778157,3.21,3.2,100.0,100,-90.30000000000001,23,22,67,22,22,22,23,23,22,22,38.43,0,3.2,3.2,3.21,2.2,2.2,3.2,3.2,3.2,3.2,3.21,3.21,3.2,3.2,3.2,0,8557068,3.21,3.2,100.0,100,False,False,False
10-02-2021,12:41:56,-92.80000000000001,23,22,3,22,22,23,23,23,22,22,38.44,0,3.2,3.21,3.2,2.2,2.2,3.2,3.2,3.2,3.2,3.21,3.2,3.2,3.2,3.2,0,8778433,3.21,3.2,100.0,100,-90.2,23,22,3,22,22,22,23,23,22,22,38.43,0,3.2,3.2,3.21,2.2,2.2,3.2,3.2,3.2,3.2,3.21,3.21,3.2,3.2,3.2,0,8557336,3.21,3.2,100.0,100,False,False,False
10-02-2021,12:41:59,-92.80000000000001,23,22,67,22,22,23,23,23,22,22,38.44,0,3.2,3.21,3.2,2.2,2.2,3.2,3.2,3.2,3.2,3.21,3.2,3.2,3.2,3.2,0,8778710,3.21,3.2,100.0,100,-90.30000000000001,23,22,67,22,22,22,23,23,22,22,38.43,0,3.2,3.2,3.21,2.2,2.2,3.2,3.2,3.2,3.2,3.21,3.21,3.2,3.2,3.2,0,8557605,3.21,3.2,100.0,100,False,False,False
10-02-2021,12:42:02,-92.80000000000001,23,22,3,22,22,23,23,23,22,22,38.44,0,3.2,3.21,3.2,2.2,2.2,3.2,3.2,3.2,3.2,3.21,3.2,3.2,3.2,3.2,0,8778986,3.21,3.2,100.0,100,-90.2,23,22,3,22,22,22,23,23,22,22,38.43,0,3.2,3.2,3.21,2.2,2.2,3.2,3.2,3.2,3.2,3.21,3.21,3.2,3.2,3.2,0,8557873,3.21,3.2,100.0,100,False,False,False
10-02-2021,12:42:05,-92.9,23,22,67,22,22,23,23,23,22,22,38.44,0,3.2,3.21,3.2,2.2,2.2,3.2,3.2,3.2,3.2,3.21,3.2,3.2,3.2,3.2,0,8779263,3.21,3.2,100.0,100,-90.2,23,22,67,22,22,22,23,23,22,22,38.43,0,3.2,3.2,3.21,2.2,2.2,3.2,3.2,3.2,3.2,3.21,3.21,3.2,3.2,3.2,0,8558142,3.21,3.2,100.0,100,False,False,False
10-02-2021,12:42:08,-92.80000000000001,23,22,3,22,22,23,23,23,22,22,38.44,0,3.2,3.21,3.2,2.2,2.2,3.2,3.2,3.2,3.2,3.21,3.2,3.2,3.2,3.2,0,8779540,3.21,3.2,100.0,100,-90.30000000000001,23,22,3,22,22,22,23,23,22,22,38.43,0,3.2,3.2,3.21,2.2,2.2,3.2,3.2,3.2,3.2,3.21,3.21,3.2,3.2,3.2,0,8558410,3.21,3.2,100.0,100,False,False,False
10-02-2021,12:42:11,-92.80000000000001,23,22,67,22,22,23,23,23,22,22,38.44,0,3.2,3.21,3.2,2.2,2.2,3.2,3.2,3.2,3.2,3.21,3.2,3.2,3.2,3.2,0,8779816,3.21,3.2,100.0,100,-90.2,23,22,67,22,22,22,23,23,22,22,38.43,0,3.2,3.2,3.21,2.2,2.2,3.2,3.2,3.2,3.2,3.21,3.21,3.2,3.2,3.2,0,8558679,3.21,3.2,100.0,100,False,False,False
10-02-2021,12:42:14,-92.80000000000001,23,22,3,22,22,23,23,23,22,22,38.44,0,3.2,3.21,3.2,2.2,2.2,3.2,3.2,3.2,3.2,3.21,3.2,3.2,3.2,3.2,0,8780093,3.21,3.2,100.0,100,-90.2,23,22,3,22,22,22,23,23,22,22,38.43,0,3.2,3.2,3.21,2.2,2.2,3.2,3.2,3.2,3.2,3.21,3.21,3.2,3.2,3.2,0,8558948,3.21,3.2,100.0,100,False,False,False
10-02-2021,12:42:17,-92.9,23,22,67,22,22,23,23,23,22,22,38.44,0,3.2,3.21,3.2,2.2,2.2,3.2,3.2,3.2,3.2,3.21,3.2,3.2,3.2,3.2,0,8780369,3.21,3.2,100.0,100,-90.2,23,22,67,22,22,22,23,23,22,22,38.43,0,3.2,3.2,3.21,2.2,2.2,3.2,3.2,3.2,3.2,3.21,3.21,3.2,3.2,3.2,0,8559216,3.21,3.2,100.0,100,False,False,False
10-02-2021,12:42:20,-92.9,23,22,3,22,22,23,23,23,22,22,38.44,0,3.2,3.21,3.2,2.2,2.2,3.2,3.2,3.2,3.2,3.21,3.2,3.2,3.2,3.2,0,8780646,3.21,3.2,100.0,100,-90.2,23,22,3,22,22,22,23,23,22,22,38.43,0,3.2,3.2,3.21,2.2,2.2,3.2,3.2,3.2,3.2,3.21,3.21,3.2,3.2,3.2,0,8559484,3.21,3.2,100.0,100,False,False,False
10-02-2021,12:42:23,-92.80000000000001,23,22,67,22,22,23,23,23,22,22,38.43,0,3.2,3.21,3.2,2.2,2.2,3.2,3.2,3.2,3.2,3.21,3.2,3.2,3.2,3.2,0,8780923,3.21,3.2,100.0,100,-90.2,23,22,67,22,22,22,23,23,22,22,38.43,0,3.2,3.2,3.21,2.2,2.2,3.2,3.2,3.2,3.2,3.21,3.21,3.2,3.2,3.2,0,8559753,3.21,3.2,100.0,100,False,False,False
10-02-2021,12:42:26,-92.80000000000001,23,22,3,22,22,23,23,23,22,22,38.44,0,3.2,3.21,3.2,2.2,2.2,3.2,3.2,3.2,3.2,3.21,3.2,3.2,3.2,3.2,0,8781199,3.21,3.2,100.0,100,-90.2,23,22,3,22,22,22,23,23,22,22,38.43,0,3.2,3.2,3.21,2.2,2.2,3.2,3.2,3.2,3.2,3.21,3.21,3.2,3.2,3.2,0,8560021,3.21,3.2,100.0,100,False,False,False
10-02-2021,12:42:29,-92.80000000000001,23,22,67,22,22,23,23,23,22,22,38.44,0,3.2,3.21,3.2,2.2,2.2,3.2,3.2,3.2,3.2,3.21,3.2,3.2,3.2,3.2,0,8781476,3.21,3.2,100.0,100,-90.2,23,22,67,22,22,22,23,23,22,22,38.43,0,3.2,3.2,3.21,2.2,2.2,3.2,3.2,3.2,3.2,3.21,3.21,3.2,3.2,3.2,0,8560290,3.21,3.2,100.0,100,False,False,False
10-02-2021,12:42:32,-92.9,23,22,3,22,22,23,23,23,22,22,38.44,0,3.2,3.21,3.2,2.2,2.2,3.2,3.2,3.2,3.2,3.21,3.2,3.2,3.2,3.2,0,8781752,3.21,3.2,100.0,100,-90.2,23,22,3,22,22,22,23,23,22,22,38.43,0,3.2,3.2,3.21,2.2,2.2,3.2,3.2,3.2,3.2,3.21,3.21,3.2,3.2,3.2,0,8560559,3.21,3.2,100.0,100,False,False,False
10-02-2021,12:42:35,-92.80000000000001,23,22,67,22,22,23,23,23,22,22,38.43,0,3.2,3.21,3.2,2.2,2.2,3.2,3.2,3.2,3.2,3.21,3.2,3.2,3.2,3.2,0,8782029,3.21,3.2,100.0,100,-90.2,23,22,67,22,22,22,23,23,22,22,38.43,0,3.2,3.2,3.21,2.2,2.2,3.2,3.2,3.2,3.2,3.21,3.21,3.2,3.2,3.2,0,8560827,3.21,3.2,100.0,100,False,False,False
10-02-2021,12:42:38,-92.9,23,22,3,22,22,23,23,23,22,22,38.44,0,3.2,3.21,3.2,2.2,2.2,3.2,3.2,3.2,3.2,3.21,3.2,3.2,3.2,3.2,0,8782306,3.21,3.2,100.0,100,-90.2,23,22,3,22,22,22,23,23,22,22,38.43,0,3.2,3.2,3.21,2.2,2.2,3.2,3.2,3.2,3.2,3.21,3.21,3.2,3.2,3.2,0,8561096,3.21,3.2,100.0,100,False,False,False
10-02-2021,12:42:41,-92.9,23,22,67,22,22,23,23,23,22,22,38.44,0,3.2,3.21,3.2,2.2,2.2,3.2,3.2,3.2,3.2,3.21,3.2,3.2,3.2,3.2,0,8782582,3.21,3.2,100.0,100,-90.30000000000001,23,22,67,22,22,22,23,23,22,22,38.43,0,3.2,3.2,3.21,2.2,2.2,3.2,3.2,3.2,3.2,3.21,3.21,3.2,3.2,3.2,0,8561364,3.21,3.2,100.0,100,False,False,False
10-02-2021,12:42:44,-92.80000000000001,23,22,3,22,22,23,23,23,22,22,38.44,0,3.2,3.21,3.2,2.2,2.2,3.2,3.2,3.2,3.2,3.21,3.2,3.2,3.2,3.2,0,8782859,3.21,3.2,100.0,100,-90.10000000000001,23,22,3,22,22,22,23,23,22,22,38.43,0,3.2,3.2,3.21,2.2,2.2,3.2,3.2,3.2,3.2,3.21,3.21,3.2,3.2,3.2,0,8561632,3.21,3.2,100.0,100,False,False,False
10-02-2021,12:42:47,-92.9,23,22,67,22,22,23,23,23,22,22,38.43,0,3.2,3.2,3.2,2.2,2.2,3.2,3.2,3.2,3.2,3.21,3.2,3.2,3.2,3.2,0,8783135,3.21,3.2,100.0,100,-90.2,23,22,67,22,22,22,23,23,22,22,38.43,0,3.2,3.2,3.21,2.2,2.2,3.2,3.2,3.2,3.2,3.21,3.21,3.2,3.2,3.2,0,8561901,3.21,3.2,100.0,100,False,False,False
10-02-2021,12:42:50,-92.9,23,22,3,22,22,23,23,23,22,22,38.44,0,3.2,3.21,3.2,2.2,2.2,3.2,3.2,3.2,3.2,3.21,3.2,3.2,3.2,3.2,0,8783412,3.21,3.2,100.0,100,-90.2,23,22,3,22,22,22,23,23,22,22,38.43,0,3.2,3.2,3.21,2.2,2.2,3.2,3.2,3.2,3.2,3.21,3.21,3.2,3.2,3.2,0,8562169,3.21,3.2,100.0,100,False,False,False
10-02-2021,12:42:53,-92.80000000000001,23,22,67,22,22,23,23,23,22,22,38.44,0,3.2,3.21,3.2,2.2,2.2,3.2,3.2,3.2,3.2,3.21,3.2,3.2,3.2,3.2,0,8783689,3.21,3.2,100.0,100,-90.2,23,22,67,22,22,22,23,23,22,22,38.43,0,3.2,3.2,3.21,2.2,2.2,3.2,3.2,3.2,3.2,3.21,3.21,3.2,3.2,3.2,0,8562438,3.21,3.2,100.0,100,False,False,False
10-02-2021,12:42:56,-92.9,23,22,3,22,22,23,23,23,22,22,38.44,0,3.2,3.21,3.2,2.2,2.2,3.2,3.2,3.2,3.2,3.21,3.2,3.2,3.2,3.2,0,8783965,3.21,3.2,100.0,100,-90.2,23,22,3,22,22,22,23,23,22,22,38.43,0,3.2,3.2,3.21,2.2,2.2,3.2,3.2,3.2,3.2,3.21,3.21,3.2,3.2,3.2,0,8562706,3.21,3.2,100.0,100,False,False,False
10-02-2021,12:42:59,-92.9,23,22,67,22,22,23,23,23,22,22,38.44,0,3.2,3.21,3.2,2.2,2.2,3.2,3.2,3.2,3.2,3.21,3.2,3.2,3.2,3.2,0,8784242,3.21,3.2,100.0,100,-90.30000000000001,23,22,67,22,22,22,23,23,22,22,38.43,0,3.2,3.2,3.21,2.2,2.2,3.2,3.2,3.2,3.2,3.2,3.21,3.2,3.2,3.2,0,8562975,3.21,3.2,100.0,100,False,False,False
10-02-2021,12:43:02,-92.9,23,22,3,22,22,23,23,23,22,22,38.44,0,3.2,3.21,3.2,2.2,2.2,3.2,3.2,3.2,3.2,3.21,3.2,3.2,3.2,3.2,0,8784519,3.21,3.2,100.0,100,-90.30000000000001,23,22,3,22,22,22,23,23,22,22,38.43,0,3.2,3.2,3.21,2.2,2.2,3.2,3.2,3.2,3.2,3.21,3.21,3.2,3.2,3.2,0,8563243,3.21,3.2,100.0,100,False,False,False
10-02-2021,12:43:05,-92.9,23,22,67,22,22,23,23,23,22,22,38.44,0,3.2,3.21,3.2,2.2,2.2,3.2,3.2,3.2,3.2,3.21,3.2,3.2,3.2,3.2,0,8784795,3.21,3.2,100.0,100,-90.2,23,22,67,22,22,22,23,23,22,22,38.43,0,3.2,3.2,3.21,2.2,2.2,3.2,3.2,3.2,3.2,3.21,3.21,3.2,3.2,3.2,0,8563512,3.21,3.2,100.0,100,False,False,False
10-02-2021,12:43:08,-92.9,23,22,3,22,22,23,23,23,22,22,38.44,0,3.2,3.21,3.2,2.2,2.2,3.2,3.2,3.2,3.2,3.21,3.2,3.2,3.2,3.2,0,8785072,3.21,3.2,100.0,100,-90.30000000000001,23,22,3,22,22,22,23,23,22,22,38.43,0,3.2,3.2,3.21,2.2,2.2,3.2,3.2,3.2,3.2,3.21,3.21,3.2,3.2,3.2,0,8563780,3.21,3.2,100.0,100,False,False,False
10-02-2021,12:43:11,-92.80000000000001,23,22,67,22,22,23,23,23,22,22,38.44,0,3.2,3.21,3.2,2.2,2.2,3.2,3.2,3.2,3.2,3.21,3.2,3.2,3.2,3.2,0,8785349,3.21,3.2,100.0,100,-90.2,23,22,67,22,22,22,23,23,22,22,38.43,0,3.2,3.2,3.21,2.2,2.2,3.2,3.2,3.2,3.2,3.21,3.21,3.2,3.2,3.2,0,8564049,3.21,3.2,100.0,100,False,False,False
10-02-2021,12:43:14,-92.9,23,22,3,22,22,23,23,23,22,22,38.44,0,3.2,3.21,3.2,2.2,2.2,3.2,3.2,3.2,3.2,3.21,3.2,3.2,3.2,3.2,0,8785625,3.21,3.2,100.0,100,-90.2,23,22,3,22,22,22,23,23,22,22,38.43,0,3.2,3.2,3.21,2.2,2.2,3.2,3.2,3.2,3.2,3.21,3.21,3.2,3.2,3.2,0,8564317,3.21,3.2,100.0,100,False,False,False
10-02-2021,12:43:17,-92.9,23,22,67,22,22,23,23,23,22,22,38.44,0,3.2,3.21,3.2,2.2,2.2,3.2,3.2,3.2,3.2,3.21,3.2,3.2,3.2,3.2,0,8785902,3.21,3.2,100.0,100,-90.30000000000001,23,22,67,22,22,22,23,23,22,22,38.43,0,3.2,3.2,3.21,2.2,2.2,3.2,3.2,3.2,3.2,3.21,3.21,3.2,3.2,3.2,0,8564586,3.21,3.2,100.0,100,False,False,False
10-02-2021,12:43:20,-92.80000000000001,23,22,3,22,22,23,23,23,22,22,38.44,0,3.2,3.21,3.2,2.2,2.2,3.2,3.2,3.2,3.2,3.21,3.2,3.2,3.2,3.2,0,8786179,3.21,3.2,100.0,100,-90.30000000000001,23,22,3,22,22,22,23,23,22,22,38.43,0,3.2,3.2,3.21,2.2,2.2,3.2,3.2,3.2,3.2,3.21,3.21,3.2,3.2,3.2,0,8564854,3.21,3.2,100.0,100,False,False,False
10-02-2021,12:43:23,-92.9,23,22,67,22,22,23,23,23,22,22,38.43,0,3.2,3.21,3.2,2.2,2.2,3.2,3.2,3.2,3.2,3.21,3.2,3.2,3.2,3.2,0,8786455,3.21,3.2,100.0,100,-90.2,23,22,67,22,22,22,23,23,22,22,38.43,0,3.2,3.2,3.21,2.2,2.2,3.2,3.2,3.2,3.2,3.21,3.21,3.2,3.2,3.2,0,8565123,3.21,3.2,100.0,100,False,False,False
10-02-2021,12:43:26,-92.9,23,22,3,22,22,23,23,23,22,22,38.44,0,3.2,3.21,3.2,2.2,2.2,3.2,3.2,3.2,3.2,3.21,3.2,3.2,3.2,3.2,0,8786732,3.21,3.2,100.0,100,-90.2,23,22,3,22,22,22,23,23,22,22,38.43,0,3.2,3.2,3.21,2.2,2.2,3.2,3.2,3.2,3.2,3.21,3.21,3.2,3.2,3.2,0,8565392,3.21,3.2,100.0,100,False,False,False
10-02-2021,12:43:29,-92.80000000000001,23,22,67,22,22,23,23,23,22,22,38.44,0,3.2,3.21,3.2,2.2,2.2,3.2,3.2,3.2,3.2,3.21,3.2,3.2,3.2,3.2,0,8787009,3.21,3.2,100.0,100,-90.30000000000001,23,22,67,22,22,22,23,23,22,22,38.43,0,3.2,3.2,3.21,2.2,2.2,3.2,3.2,3.2,3.2,3.21,3.21,3.2,3.2,3.2,0,8565660,3.21,3.2,100.0,100,False,False,False
10-02-2021,12:43:32,-92.80000000000001,23,22,3,22,22,23,23,23,22,22,38.44,0,3.2,3.21,3.2,2.2,2.2,3.2,3.2,3.2,3.2,3.21,3.2,3.2,3.2,3.2,0,8787285,3.21,3.2,100.0,100,-90.2,23,22,3,22,22,22,23,23,22,22,38.43,0,3.2,3.2,3.2,2.2,2.2,3.2,3.2,3.2,3.2,3.2,3.21,3.2,3.2,3.2,0,8565928,3.21,3.2,100.0,100,False,False,False
10-02-2021,12:43:35,-92.80000000000001,23,22,67,22,22,23,23,23,22,22,38.44,0,3.2,3.21,3.2,2.2,2.2,3.2,3.2,3.2,3.2,3.21,3.2,3.2,3.2,3.2,0,8787562,3.21,3.2,100.0,100,-90.30000000000001,23,22,67,22,22,22,23,23,22,22,38.43,0,3.2,3.2,3.21,2.2,2.2,3.2,3.2,3.2,3.2,3.2,3.21,3.2,3.2,3.2,0,8566197,3.21,3.2,100.0,100,False,False,False
10-02-2021,12:43:38,-92.80000000000001,23,22,3,22,22,23,23,23,22,22,38.44,0,3.2,3.21,3.2,2.2,2.2,3.2,3.2,3.2,3.2,3.21,3.2,3.2,3.2,3.2,0,8787839,3.21,3.2,100.0,100,-90.30000000000001,23,22,3,22,22,22,23,23,22,22,38.43,0,3.2,3.2,3.21,2.2,2.2,3.2,3.2,3.2,3.2,3.21,3.21,3.2,3.2,3.2,0,8566466,3.21,3.2,100.0,100,False,False,False
10-02-2021,12:43:41,-92.9,23,22,67,22,22,23,23,23,22,22,38.43,0,3.2,3.21,3.2,2.2,2.2,3.2,3.2,3.2,3.2,3.21,3.2,3.2,3.2,3.2,0,8788116,3.21,3.2,100.0,100,-90.2,23,22,67,22,22,22,23,23,22,22,38.43,0,3.2,3.2,3.21,2.2,2.2,3.2,3.2,3.2,3.2,3.21,3.21,3.2,3.2,3.2,0,8566734,3.21,3.2,100.0,100,False,False,False
10-02-2021,12:43:44,-92.9,23,22,3,22,22,23,23,23,22,22,38.44,0,3.2,3.21,3.2,2.2,2.2,3.2,3.2,3.2,3.2,3.21,3.2,3.2,3.2,3.2,0,8788392,3.21,3.2,100.0,100,-90.30000000000001,23,22,3,22,22,22,23,23,22,22,38.43,0,3.2,3.2,3.21,2.2,2.2,3.2,3.2,3.2,3.2,3.21,3.21,3.2,3.2,3.2,0,8567003,3.21,3.2,100.0,100,False,False,False
10-02-2021,12:43:47,-92.9,23,22,67,22,22,23,23,23,22,22,38.44,0,3.2,3.21,3.2,2.2,2.2,3.2,3.2,3.2,3.2,3.21,3.2,3.2,3.2,3.2,0,8788669,3.21,3.2,100.0,100,-90.2,23,22,67,22,22,22,23,23,22,22,38.43,0,3.2,3.2,3.21,2.2,2.2,3.2,3.2,3.2,3.2,3.21,3.21,3.2,3.2,3.2,0,8567272,3.21,3.2,100.0,100,False,False,False
10-02-2021,12:43:50,-92.9,23,22,3,22,22,23,23,23,22,22,38.43,0,3.2,3.2,3.2,2.2,2.2,3.2,3.2,3.2,3.2,3.21,3.2,3.2,3.2,3.2,0,8788946,3.21,3.2,100.0,100,-90.30000000000001,23,22,3,22,22,22,23,23,22,22,38.43,0,3.2,3.2,3.21,2.2,2.2,3.2,3.2,3.2,3.2,3.21,3.21,3.2,3.2,3.2,0,8567540,3.21,3.2,100.0,100,False,False,False
10-02-2021,12:43:53,-92.80000000000001,23,22,67,22,22,23,23,23,22,22,38.43,0,3.2,3.21,3.2,2.2,2.2,3.2,3.2,3.2,3.2,3.21,3.2,3.2,3.2,3.2,0,8789222,3.21,3.2,100.0,100,-90.2,23,22,67,22,22,22,23,23,22,22,38.43,0,3.2,3.2,3.21,2.2,2.2,3.2,3.2,3.2,3.2,3.21,3.21,3.2,3.2,3.2,0,8567809,3.21,3.2,100.0,100,False,False,False
10-02-2021,12:43:56,-92.9,23,22,3,22,22,23,23,23,22,22,38.43,0,3.2,3.21,3.2,2.2,2.2,3.2,3.2,3.2,3.2,3.21,3.2,3.2,3.2,3.2,0,8789499,3.21,3.2,100.0,100,-90.2,23,22,3,22,22,22,23,23,22,22,38.43,0,3.2,3.2,3.2,2.2,2.2,3.2,3.2,3.2,3.2,3.2,3.21,3.2,3.2,3.2,0,8568078,3.21,3.2,100.0,100,False,False,False
10-02-2021,12:43:59,-92.80000000000001,23,22,67,22,22,23,23,23,22,22,38.43,0,3.2,3.21,3.2,2.2,2.2,3.2,3.2,3.2,3.2,3.21,3.2,3.2,3.2,3.2,0,8789775,3.21,3.2,100.0,100,-90.2,23,22,67,22,22,22,23,23,22,22,38.43,0,3.2,3.2,3.21,2.2,2.2,3.2,3.2,3.2,3.2,3.21,3.21,3.2,3.2,3.2,0,8568346,3.21,3.2,100.0,100,False,False,False
10-02-2021,12:44:02,-92.9,23,22,3,22,22,23,23,23,22,22,38.43,0,3.2,3.21,3.2,2.2,2.2,3.2,3.2,3.2,3.2,3.21,3.2,3.2,3.2,3.2,0,8790052,3.21,3.2,100.0,100,-90.2,23,22,3,22,22,22,23,23,22,22,38.43,0,3.2,3.2,3.21,2.2,2.2,3.2,3.2,3.2,3.2,3.21,3.21,3.2,3.2,3.2,0,8568614,3.21,3.2,100.0,100,False,False,False
10-02-2021,12:44:05,-92.9,23,22,67,22,22,23,23,23,22,22,38.43,0,3.2,3.21,3.2,2.2,2.2,3.2,3.2,3.2,3.2,3.21,3.2,3.2,3.2,3.2,0,8790329,3.21,3.2,100.0,100,-90.2,23,22,67,22,22,22,23,23,22,22,38.43,0,3.2,3.2,3.21,2.2,2.2,3.2,3.2,3.2,3.2,3.21,3.21,3.2,3.2,3.2,0,8568883,3.21,3.2,100.0,100,False,False,False
10-02-2021,12:44:08,-92.80000000000001,23,22,3,22,22,23,23,23,22,22,38.43,0,3.2,3.21,3.2,2.2,2.2,3.2,3.2,3.2,3.2,3.21,3.2,3.2,3.2,3.2,0,8790605,3.21,3.2,100.0,100,-90.30000000000001,23,22,3,22,22,22,23,23,22,22,38.43,0,3.2,3.2,3.21,2.2,2.2,3.2,3.2,3.2,3.2,3.2,3.21,3.2,3.2,3.2,0,8569151,3.21,3.2,100.0,100,False,False,False
10-02-2021,12:44:11,-92.80000000000001,23,22,67,22,22,23,23,23,22,22,38.43,0,3.2,3.21,3.2,2.2,2.2,3.2,3.2,3.2,3.2,3.21,3.2,3.2,3.2,3.2,0,8790882,3.21,3.2,100.0,100,-90.2,23,22,67,22,22,22,23,23,22,22,38.43,0,3.2,3.2,3.21,2.2,2.2,3.2,3.2,3.2,3.2,3.21,3.21,3.2,3.2,3.2,0,8569420,3.21,3.2,100.0,100,False,False,False
10-02-2021,12:44:14,-92.80000000000001,23,22,3,22,22,23,23,23,22,22,38.43,0,3.2,3.2,3.2,2.2,2.2,3.2,3.2,3.2,3.2,3.21,3.2,3.2,3.2,3.2,0,8791159,3.21,3.2,100.0,100,-90.2,23,22,3,22,22,22,23,23,22,22,38.43,0,3.2,3.2,3.2,2.2,2.2,3.2,3.2,3.2,3.2,3.2,3.21,3.2,3.2,3.2,0,8569689,3.21,3.2,100.0,100,False,False,False
10-02-2021,12:44:17,-92.80000000000001,23,22,67,22,22,23,23,23,22,22,38.43,0,3.2,3.21,3.2,2.2,2.2,3.2,3.2,3.2,3.2,3.21,3.2,3.2,3.2,3.2,0,8791435,3.21,3.2,100.0,100,-90.2,23,22,67,22,22,22,23,23,22,22,38.43,0,3.2,3.2,3.21,2.2,2.2,3.2,3.2,3.2,3.2,3.2,3.2,3.2,3.2,3.2,0,8569957,3.21,3.2,100.0,100,False,False,False
10-02-2021,12:44:20,-92.9,23,22,3,22,22,23,23,23,22,22,38.43,0,3.2,3.21,3.2,2.2,2.2,3.2,3.2,3.2,3.2,3.21,3.2,3.2,3.2,3.2,0,8791712,3.21,3.2,100.0,100,-90.2,23,22,3,22,22,22,23,23,22,22,38.43,0,3.2,3.2,3.2,2.2,2.2,3.2,3.2,3.2,3.2,3.2,3.21,3.2,3.2,3.2,0,8570226,3.21,3.2,100.0,100,False,False,False
10-02-2021,12:44:23,-92.9,23,22,67,22,22,23,23,23,22,22,38.43,0,3.2,3.2,3.2,2.2,2.2,3.2,3.2,3.2,3.2,3.21,3.2,3.2,3.2,3.2,0,8791988,3.21,3.2,100.0,100,-90.30000000000001,23,22,67,22,22,22,23,23,22,22,38.43,0,3.2,3.2,3.2,2.2,2.2,3.2,3.2,3.2,3.2,3.2,3.21,3.2,3.2,3.2,0,8570495,3.21,3.2,100.0,100,False,False,False
10-02-2021,12:44:26,-92.9,23,22,3,22,22,23,23,23,22,22,38.44,0,3.2,3.21,3.2,2.2,2.2,3.2,3.2,3.2,3.2,3.21,3.2,3.2,3.2,3.2,0,8792265,3.21,3.2,100.0,100,-90.2,23,22,3,22,22,22,23,23,22,22,38.43,0,3.2,3.2,3.2,2.2,2.2,3.2,3.2,3.2,3.2,3.21,3.21,3.2,3.2,3.2,0,8570763,3.21,3.2,100.0,100,False,False,False
10-02-2021,12:44:29,-92.9,23,22,67,22,22,23,23,23,22,22,38.43,0,3.2,3.21,3.2,2.2,2.2,3.2,3.2,3.2,3.2,3.21,3.2,3.2,3.2,3.2,0,8792542,3.21,3.2,100.0,100,-90.2,23,22,67,22,22,22,23,23,22,22,38.43,0,3.2,3.2,3.21,2.2,2.2,3.2,3.2,3.2,3.2,3.21,3.21,3.2,3.2,3.2,0,8571031,3.21,3.2,100.0,100,False,False,False
10-02-2021,12:44:32,-92.80000000000001,23,22,3,22,22,23,23,23,22,22,38.44,0,3.2,3.21,3.2,2.2,2.2,3.2,3.2,3.2,3.2,3.21,3.2,3.2,3.2,3.2,0,8792818,3.21,3.2,100.0,100,-90.2,23,22,3,22,22,22,23,23,22,22,38.43,0,3.2,3.2,3.2,2.2,2.2,3.2,3.2,3.2,3.2,3.2,3.21,3.2,3.2,3.2,0,8571300,3.21,3.2,100.0,100,False,False,False
10-02-2021,12:44:35,-92.9,23,22,67,22,22,23,23,23,22,22,38.43,0,3.2,3.2,3.2,2.2,2.2,3.2,3.2,3.2,3.2,3.21,3.2,3.2,3.2,3.2,0,8793095,3.21,3.2,100.0,100,-90.30000000000001,23,22,67,22,22,22,23,23,22,22,38.43,0,3.2,3.2,3.21,2.2,2.2,3.2,3.2,3.2,3.2,3.2,3.21,3.2,3.2,3.2,0,8571569,3.21,3.2,100.0,100,False,False,False
10-02-2021,12:44:38,-92.80000000000001,23,22,3,22,22,23,23,23,22,22,38.43,0,3.2,3.2,3.2,2.2,2.2,3.2,3.2,3.2,3.2,3.21,3.2,3.2,3.2,3.2,0,8793371,3.21,3.2,100.0,100,-90.30000000000001,23,22,3,22,22,22,23,23,22,22,38.43,0,3.2,3.2,3.2,2.2,2.2,3.2,3.2,3.2,3.2,3.2,3.21,3.2,3.2,3.2,0,8571837,3.21,3.2,100.0,100,False,False,False
10-02-2021,12:44:41,-92.80000000000001,23,22,67,22,22,23,23,23,22,22,38.43,0,3.2,3.21,3.2,2.2,2.2,3.2,3.2,3.2,3.2,3.21,3.2,3.2,3.2,3.2,0,8793648,3.21,3.2,100.0,100,-90.2,23,22,67,22,22,22,23,23,22,22,38.43,0,3.2,3.2,3.2,2.2,2.2,3.2,3.2,3.2,3.2,3.21,3.21,3.2,3.2,3.2,0,8572106,3.21,3.2,100.0,100,False,False,False
10-02-2021,12:44:44,-92.80000000000001,23,22,3,22,22,23,23,23,22,22,38.43,0,3.2,3.2,3.2,2.2,2.2,3.2,3.2,3.2,3.2,3.21,3.2,3.2,3.2,3.2,0,8793924,3.21,3.2,100.0,100,-90.30000000000001,23,22,3,22,22,22,23,23,22,22,38.43,0,3.2,3.2,3.2,2.2,2.2,3.2,3.2,3.2,3.2,3.21,3.21,3.2,3.2,3.2,0,8572374,3.21,3.2,100.0,100,False,False,False
10-02-2021,12:44:47,-92.9,23,22,67,22,22,23,23,23,22,22,38.43,0,3.2,3.21,3.2,2.2,2.2,3.2,3.2,3.2,3.2,3.21,3.2,3.2,3.2,3.2,0,8794201,3.21,3.2,100.0,100,-90.30000000000001,23,22,67,22,22,22,23,23,22,22,38.43,0,3.2,3.2,3.21,2.2,2.2,3.2,3.2,3.2,3.2,3.2,3.21,3.2,3.2,3.2,0,8572643,3.21,3.2,100.0,100,False,False,False
10-02-2021,12:44:50,-92.80000000000001,23,22,3,22,22,23,23,23,22,22,38.43,0,3.2,3.21,3.2,2.2,2.2,3.2,3.2,3.2,3.2,3.21,3.2,3.2,3.2,3.2,0,8794477,3.21,3.2,100.0,100,-90.2,23,22,3,22,22,22,23,23,22,22,38.43,0,3.2,3.2,3.2,2.2,2.2,3.2,3.2,3.2,3.2,3.2,3.21,3.2,3.2,3.2,0,8572912,3.21,3.2,100.0,100,False,False,False
10-02-2021,12:44:53,-92.9,23,22,67,22,22,23,23,23,22,22,38.43,0,3.2,3.21,3.2,2.2,2.2,3.2,3.2,3.2,3.2,3.21,3.2,3.2,3.2,3.2,0,8794754,3.21,3.2,100.0,100,-90.2,23,22,67,22,22,22,23,23,22,22,38.43,0,3.2,3.2,3.2,2.2,2.2,3.2,3.2,3.2,3.2,3.2,3.21,3.2,3.2,3.2,0,8573180,3.21,3.2,100.0,100,False,False,False
10-02-2021,12:44:56,-92.9,23,22,3,22,22,23,23,23,22,22,38.43,0,3.2,3.21,3.2,2.2,2.2,3.2,3.2,3.2,3.2,3.21,3.2,3.2,3.2,3.2,0,8795031,3.21,3.2,100.0,100,-90.30000000000001,23,22,3,22,22,22,23,23,22,22,38.43,0,3.2,3.2,3.2,2.2,2.2,3.2,3.2,3.2,3.2,3.2,3.21,3.2,3.2,3.2,0,8573449,3.21,3.2,100.0,100,False,False,False
10-02-2021,12:44:59,-92.80000000000001,23,22,67,22,22,23,23,23,22,22,38.43,0,3.2,3.21,3.2,2.2,2.2,3.2,3.2,3.2,3.2,3.21,3.2,3.2,3.2,3.2,0,8795307,3.21,3.2,100.0,100,-90.2,23,22,67,22,22,22,23,23,22,22,38.42,0,3.2,3.2,3.2,2.2,2.2,3.2,3.2,3.2,3.2,3.2,3.21,3.2,3.2,3.2,0,8573717,3.21,3.2,100.0,100,False,False,False
10-02-2021,12:45:02,-92.80000000000001,23,22,3,22,22,23,23,23,22,22,38.43,0,3.2,3.21,3.2,2.2,2.2,3.2,3.2,3.2,3.2,3.21,3.2,3.2,3.2,3.2,0,8795584,3.21,3.2,100.0,100,-90.2,23,22,3,22,22,22,23,23,22,22,38.43,0,3.2,3.2,3.21,2.2,2.2,3.2,3.2,3.2,3.2,3.21,3.21,3.2,3.2,3.2,0,8573986,3.21,3.2,100.0,100,False,False,False
10-02-2021,12:45:05,-92.80000000000001,23,22,67,22,22,23,23,23,22,22,38.43,0,3.2,3.2,3.2,2.2,2.2,3.2,3.2,3.2,3.2,3.21,3.2,3.2,3.2,3.2,0,8795860,3.21,3.2,100.0,100,-90.2,23,22,67,22,22,22,23,23,22,22,38.43,0,3.2,3.2,3.2,2.2,2.2,3.2,3.2,3.2,3.2,3.2,3.21,3.2,3.2,3.2,0,8574254,3.21,3.2,100.0,100,False,False,False
10-02-2021,12:45:08,-92.9,23,22,3,22,22,23,23,23,22,22,38.43,0,3.2,3.2,3.2,2.2,2.2,3.2,3.2,3.2,3.2,3.21,3.2,3.2,3.2,3.2,0,8796137,3.21,3.2,100.0,100,-90.2,23,22,3,22,22,22,23,23,22,22,38.43,0,3.2,3.2,3.2,2.2,2.2,3.2,3.2,3.2,3.2,3.2,3.21,3.2,3.2,3.2,0,8574523,3.21,3.2,100.0,100,False,False,False
10-02-2021,12:45:11,-92.80000000000001,23,22,67,22,22,23,23,23,22,22,38.43,0,3.2,3.21,3.2,2.2,2.2,3.2,3.2,3.2,3.2,3.21,3.2,3.2,3.2,3.2,0,8796413,3.21,3.2,100.0,100,-90.2,23,22,67,22,22,22,23,23,22,22,38.43,0,3.2,3.2,3.2,2.2,2.2,3.2,3.2,3.2,3.2,3.21,3.21,3.2,3.2,3.2,0,8574792,3.21,3.2,100.0,100,False,False,False
10-02-2021,12:45:14,-92.9,23,22,3,22,22,23,23,23,22,22,38.43,0,3.2,3.21,3.2,2.2,2.2,3.2,3.2,3.2,3.2,3.21,3.2,3.2,3.2,3.2,0,8796690,3.21,3.2,100.0,100,-90.2,23,22,3,22,22,22,23,23,22,22,38.43,0,3.2,3.2,3.2,2.2,2.2,3.2,3.2,3.2,3.2,3.21,3.21,3.2,3.2,3.2,0,8575060,3.21,3.2,100.0,100,False,False,False
10-02-2021,12:45:17,-92.80000000000001,23,22,67,22,22,23,23,23,22,22,38.43,0,3.2,3.21,3.2,2.2,2.2,3.2,3.2,3.2,3.2,3.21,3.2,3.2,3.2,3.2,0,8796966,3.21,3.2,100.0,100,-90.2,23,22,67,22,22,22,23,23,22,22,38.42,0,3.2,3.2,3.2,2.2,2.2,3.2,3.2,3.2,3.2,3.2,3.2,3.2,3.2,3.2,0,8575329,3.2,3.2,100.0,100,False,False,False
10-02-2021,12:45:20,-92.80000000000001,23,22,3,22,22,23,23,23,22,22,38.43,0,3.2,3.2,3.2,2.2,2.2,3.2,3.2,3.2,3.2,3.21,3.2,3.2,3.2,3.2,0,8797242,3.21,3.2,100.0,100,-90.2,23,22,3,22,22,22,23,23,22,22,38.43,0,3.2,3.2,3.2,2.2,2.2,3.2,3.2,3.2,3.2,3.2,3.21,3.2,3.2,3.2,0,8575597,3.21,3.2,100.0,100,False,False,False
10-02-2021,12:45:23,-92.9,23,22,67,22,22,23,23,23,22,22,38.43,0,3.2,3.2,3.2,2.2,2.2,3.2,3.2,3.2,3.2,3.21,3.2,3.2,3.2,3.2,0,8797519,3.21,3.2,100.0,100,-90.2,23,22,67,22,22,22,23,23,22,22,38.43,0,3.2,3.2,3.2,2.2,2.2,3.2,3.2,3.2,3.2,3.21,3.21,3.2,3.2,3.2,0,8575866,3.21,3.2,100.0,100,False,False,False
10-02-2021,12:45:25,-92.80000000000001,23,22,3,22,22,23,23,23,22,22,38.43,0,3.2,3.21,3.2,2.2,2.2,3.2,3.2,3.2,3.2,3.21,3.2,3.2,3.2,3.2,0,8797795,3.21,3.2,100.0,100,-90.2,23,22,3,22,22,22,23,23,22,22,38.43,0,3.2,3.2,3.2,2.2,2.2,3.2,3.2,3.2,3.2,3.2,3.21,3.2,3.2,3.2,0,8576134,3.21,3.2,100.0,100,False,False,False
10-02-2021,12:45:28,-92.80000000000001,23,22,67,22,22,23,23,23,22,22,38.43,0,3.2,3.2,3.2,2.2,2.2,3.2,3.2,3.2,3.2,3.21,3.2,3.2,3.2,3.2,0,8798072,3.21,3.2,100.0,100,-90.2,23,22,67,22,22,22,23,23,22,22,38.43,0,3.2,3.2,3.2,2.2,2.2,3.2,3.2,3.2,3.2,3.21,3.21,3.2,3.2,3.2,0,8576403,3.21,3.2,100.0,100,False,False,False
10-02-2021,12:45:31,-92.80000000000001,23,22,3,22,22,23,23,23,22,22,38.43,0,3.2,3.2,3.2,2.2,2.2,3.2,3.2,3.2,3.2,3.21,3.2,3.2,3.2,3.2,0,8798348,3.21,3.2,100.0,100,-90.2,23,22,3,22,22,22,23,23,22,22,38.42,0,3.2,3.2,3.2,2.2,2.2,3.2,3.2,3.2,3.2,3.2,3.21,3.2,3.2,3.2,0,8576671,3.21,3.2,100.0,100,False,False,False
10-02-2021,12:45:34,-92.9,23,22,67,22,22,23,23,23,22,22,38.43,0,3.2,3.2,3.2,2.2,2.2,3.2,3.2,3.2,3.2,3.21,3.2,3.2,3.2,3.2,0,8798625,3.21,3.2,100.0,100,-90.2,23,22,67,22,22,22,23,23,22,22,38.43,0,3.2,3.2,3.21,2.2,2.2,3.2,3.2,3.2,3.2,3.2,3.21,3.2,3.2,3.2,0,8576940,3.21,3.2,100.0,100,False,False,False
10-02-2021,12:45:37,-92.80000000000001,23,22,3,22,22,23,23,23,22,22,38.43,0,3.2,3.2,3.2,2.2,2.2,3.2,3.2,3.2,3.2,3.21,3.2,3.2,3.2,3.2,0,8798901,3.21,3.2,100.0,100,-90.2,23,22,3,22,22,22,23,23,22,22,38.43,0,3.2,3.2,3.2,2.2,2.2,3.2,3.2,3.2,3.2,3.2,3.21,3.2,3.2,3.2,0,8577209,3.21,3.2,100.0,100,False,False,False
10-02-2021,12:45:40,-92.80000000000001,23,22,67,22,22,23,23,23,22,22,38.43,0,3.2,3.21,3.2,2.2,2.2,3.2,3.2,3.2,3.2,3.21,3.2,3.2,3.2,3.2,0,8799178,3.21,3.2,100.0,100,-90.30000000000001,23,22,67,22,22,22,23,23,22,22,38.43,0,3.2,3.2,3.2,2.2,2.2,3.2,3.2,3.2,3.2,3.2,3.21,3.2,3.2,3.2,0,8577477,3.21,3.2,100.0,100,False,False,False
10-02-2021,12:45:43,-92.9,23,22,3,22,22,23,23,23,22,22,38.43,0,3.2,3.21,3.2,2.2,2.2,3.2,3.2,3.2,3.2,3.21,3.2,3.2,3.2,3.2,0,8799454,3.21,3.2,100.0,100,-90.2,23,22,3,22,22,22,23,23,22,22,38.43,0,3.2,3.2,3.2,2.2,2.2,3.2,3.2,3.2,3.2,3.2,3.21,3.2,3.2,3.2,0,8577746,3.21,3.2,100.0,100,False,False,False
10-02-2021,12:45:46,-92.9,23,22,67,22,22,23,23,23,22,22,38.43,0,3.2,3.21,3.2,2.2,2.2,3.2,3.2,3.2,3.2,3.21,3.2,3.2,3.2,3.2,0,8799731,3.21,3.2,100.0,100,-90.30000000000001,23,22,67,22,22,22,23,23,22,22,38.42,0,3.2,3.2,3.2,2.2,2.2,3.2,3.2,3.2,3.2,3.2,3.2,3.2,3.2,3.2,0,8578014,3.2,3.2,100.0,100,False,False,False
10-02-2021,12:45:49,-92.9,23,22,3,22,22,23,23,23,22,22,38.43,0,3.2,3.21,3.2,2.2,2.2,3.2,3.2,3.2,3.2,3.21,3.2,3.2,3.2,3.2,0,8800007,3.21,3.2,100.0,100,-90.2,23,22,3,22,22,22,23,23,22,22,38.43,0,3.2,3.2,3.21,2.2,2.2,3.2,3.2,3.2,3.2,3.2,3.21,3.2,3.2,3.2,0,8578283,3.21,3.2,100.0,100,False,False,False
10-02-2021,12:45:52,-92.80000000000001,23,22,67,22,22,23,23,23,22,22,38.43,0,3.2,3.2,3.2,2.2,2.2,3.2,3.2,3.2,3.2,3.21,3.2,3.2,3.2,3.2,0,8800283,3.21,3.2,100.0,100,-90.2,23,22,67,22,22,22,23,23,22,22,38.42,0,3.2,3.2,3.2,2.2,2.2,3.2,3.2,3.2,3.2,3.2,3.21,3.2,3.2,3.2,0,8578551,3.21,3.2,100.0,100,False,False,False
10-02-2021,12:45:55,-92.9,23,22,3,22,22,23,23,23,22,22,38.43,0,3.2,3.2,3.2,2.2,2.2,3.2,3.2,3.2,3.2,3.21,3.2,3.2,3.2,3.2,0,8800560,3.21,3.2,100.0,100,-90.2,23,22,3,22,22,22,23,23,22,22,38.42,0,3.2,3.2,3.2,2.2,2.2,3.2,3.2,3.2,3.2,3.2,3.21,3.2,3.2,3.2,0,8578820,3.21,3.2,100.0,100,False,False,False
10-02-2021,12:45:58,-92.80000000000001,23,22,67,22,22,23,23,23,22,22,38.43,0,3.2,3.2,3.2,2.2,2.2,3.2,3.2,3.2,3.2,3.21,3.2,3.2,3.2,3.2,0,8800836,3.21,3.2,100.0,100,-90.2,23,22,67,22,22,22,23,23,22,22,38.42,0,3.2,3.2,3.2,2.2,2.2,3.2,3.2,3.2,3.2,3.2,3.21,3.2,3.2,3.2,0,8579088,3.21,3.2,100.0,100,False,False,False
10-02-2021,12:46:01,-92.80000000000001,23,22,3,22,22,23,23,23,22,22,38.43,0,3.2,3.2,3.2,2.2,2.2,3.2,3.2,3.2,3.2,3.21,3.2,3.2,3.2,3.2,0,8801113,3.21,3.2,100.0,100,-90.30000000000001,23,22,3,22,22,22,23,23,22,22,38.42,0,3.2,3.2,3.2,2.2,2.2,3.2,3.2,3.2,3.2,3.21,3.21,3.2,3.2,3.2,0,8579357,3.21,3.2,100.0,100,False,False,False
10-02-2021,12:46:04,-92.80000000000001,23,22,67,22,22,23,23,23,22,22,38.43,0,3.2,3.2,3.2,2.2,2.2,3.2,3.2,3.2,3.2,3.21,3.2,3.2,3.2,3.2,0,8801389,3.21,3.2,100.0,100,-90.2,23,22,67,22,22,22,23,23,22,22,38.42,0,3.2,3.2,3.2,2.2,2.2,3.2,3.2,3.2,3.2,3.2,3.2,3.2,3.2,3.2,0,8579626,3.2,3.2,100.0,100,False,False,False
10-02-2021,12:46:07,-92.80000000000001,23,22,3,22,22,23,23,23,22,22,38.43,0,3.2,3.2,3.2,2.2,2.2,3.2,3.2,3.2,3.2,3.21,3.2,3.2,3.2,3.2,0,8801665,3.21,3.2,100.0,100,-90.30000000000001,23,22,3,22,22,22,23,23,22,22,38.42,0,3.2,3.2,3.2,2.2,2.2,3.2,3.2,3.2,3.2,3.2,3.21,3.2,3.2,3.2,0,8579894,3.21,3.2,100.0,100,False,False,False
10-02-2021,12:46:10,-92.80000000000001,23,22,67,22,22,23,23,23,22,22,38.43,0,3.2,3.2,3.2,2.2,2.2,3.2,3.2,3.2,3.2,3.21,3.2,3.2,3.2,3.2,0,8801942,3.21,3.2,100.0,100,-90.2,23,22,67,22,22,22,23,23,22,22,38.42,0,3.2,3.2,3.2,2.2,2.2,3.2,3.2,3.2,3.2,3.2,3.21,3.2,3.2,3.2,0,8580163,3.21,3.2,100.0,100,False,False,False
10-02-2021,12:46:13,-92.80000000000001,23,22,3,22,22,23,23,23,22,22,38.43,0,3.2,3.2,3.2,2.2,2.2,3.2,3.2,3.2,3.2,3.21,3.2,3.2,3.2,3.2,0,8802218,3.21,3.2,100.0,100,-90.30000000000001,23,22,3,22,22,22,23,23,22,22,38.42,0,3.2,3.2,3.2,2.2,2.2,3.2,3.2,3.2,3.2,3.2,3.2,3.2,3.2,3.2,0,8580431,3.2,3.2,100.0,100,False,False,False
10-02-2021,12:46:16,-92.80000000000001,23,22,67,22,22,23,23,23,22,22,38.43,0,3.2,3.21,3.2,2.2,2.2,3.2,3.2,3.2,3.2,3.21,3.2,3.2,3.2,3.2,0,8802495,3.21,3.2,100.0,100,-90.2,23,22,67,22,22,22,23,23,22,22,38.43,0,3.2,3.2,3.2,2.2,2.2,3.2,3.2,3.2,3.2,3.2,3.21,3.2,3.2,3.2,0,8580700,3.21,3.2,100.0,100,False,False,False
10-02-2021,12:46:19,-92.80000000000001,23,22,3,22,22,23,23,23,22,22,38.43,0,3.2,3.2,3.2,2.2,2.2,3.2,3.2,3.2,3.2,3.21,3.2,3.2,3.2,3.2,0,8802771,3.21,3.2,100.0,100,-90.2,23,22,3,22,22,22,23,23,22,22,38.43,0,3.2,3.2,3.2,2.2,2.2,3.2,3.2,3.2,3.2,3.2,3.21,3.2,3.2,3.2,0,8580968,3.21,3.2,100.0,100,False,False,False
10-02-2021,12:46:22,-92.80000000000001,23,22,67,22,22,23,23,23,22,22,38.43,0,3.2,3.2,3.2,2.2,2.2,3.2,3.2,3.2,3.2,3.21,3.2,3.2,3.2,3.2,0,8803048,3.21,3.2,100.0,100,-90.2,23,22,67,22,22,22,23,23,22,22,38.42,0,3.2,3.2,3.2,2.2,2.2,3.2,3.2,3.2,3.2,3.2,3.21,3.2,3.2,3.2,0,8581237,3.21,3.2,100.0,100,False,False,False
10-02-2021,12:46:25,-92.80000000000001,23,22,3,22,22,23,23,23,22,22,38.43,0,3.2,3.2,3.2,2.2,2.2,3.2,3.2,3.2,3.2,3.21,3.2,3.2,3.2,3.2,0,8803324,3.21,3.2,100.0,100,-90.2,23,22,3,22,22,22,23,23,22,22,38.43,0,3.2,3.2,3.2,2.2,2.2,3.2,3.2,3.2,3.2,3.2,3.21,3.2,3.2,3.2,0,8581505,3.21,3.2,100.0,100,False,False,False
10-02-2021,12:46:28,-92.80000000000001,23,22,67,22,22,23,23,23,22,22,38.43,0,3.2,3.2,3.2,2.2,2.2,3.2,3.2,3.2,3.2,3.21,3.2,3.2,3.2,3.2,0,8803600,3.21,3.2,100.0,100,-90.2,23,22,67,22,22,22,23,23,22,22,38.42,0,3.2,3.2,3.2,2.2,2.2,3.2,3.2,3.2,3.2,3.2,3.2,3.2,3.2,3.2,0,8581774,3.2,3.2,100.0,100,False,False,False
10-02-2021,12:46:31,-92.80000000000001,23,22,3,22,22,23,23,23,22,22,38.43,0,3.2,3.21,3.2,2.2,2.2,3.2,3.2,3.2,3.2,3.21,3.2,3.2,3.2,3.2,0,8803877,3.21,3.2,100.0,100,-90.2,23,22,3,22,22,22,23,23,22,22,38.42,0,3.2,3.2,3.2,2.2,2.2,3.2,3.2,3.2,3.2,3.2,3.2,3.2,3.2,3.2,0,8582043,3.2,3.2,100.0,100,False,False,False
10-02-2021,12:46:34,-92.80000000000001,23,22,67,22,22,23,23,23,22,22,38.43,0,3.2,3.21,3.2,2.2,2.2,3.2,3.2,3.2,3.2,3.21,3.2,3.2,3.2,3.2,0,8804153,3.21,3.2,100.0,100,-90.2,23,22,67,22,22,22,23,23,22,22,38.42,0,3.2,3.2,3.2,2.2,2.2,3.2,3.2,3.2,3.2,3.2,3.21,3.2,3.2,3.2,0,8582311,3.21,3.2,100.0,100,False,False,False
10-02-2021,12:46:37,-92.9,23,22,3,22,22,23,23,23,22,22,38.43,0,3.2,3.2,3.2,2.2,2.2,3.2,3.2,3.2,3.2,3.21,3.2,3.2,3.2,3.2,0,8804430,3.21,3.2,100.0,100,-90.2,23,22,3,22,22,22,23,23,22,22,38.42,0,3.2,3.2,3.2,2.2,2.2,3.2,3.2,3.2,3.2,3.2,3.2,3.2,3.2,3.2,0,8582579,3.2,3.2,100.0,100,False,False,False
10-02-2021,12:46:40,-92.9,23,22,67,22,22,23,23,23,22,22,38.43,0,3.2,3.2,3.2,2.2,2.2,3.2,3.2,3.2,3.2,3.21,3.2,3.2,3.2,3.2,0,8804707,3.21,3.2,100.0,100,-90.30000000000001,23,22,67,22,22,22,23,23,22,22,38.42,0,3.2,3.2,3.2,2.2,2.2,3.2,3.2,3.2,3.2,3.2,3.2,3.2,3.2,3.2,0,8582848,3.2,3.2,100.0,100,False,False,False
10-02-2021,12:46:43,-92.9,23,22,3,22,22,23,23,23,22,22,38.43,0,3.2,3.2,3.2,2.2,2.2,3.2,3.2,3.2,3.2,3.21,3.2,3.2,3.2,3.2,0,8804983,3.21,3.2,100.0,100,-90.2,23,22,3,22,22,22,23,23,22,22,38.42,0,3.2,3.2,3.2,2.2,2.2,3.2,3.2,3.2,3.2,3.2,3.21,3.2,3.2,3.2,0,8583117,3.21,3.2,100.0,100,False,False,False
10-02-2021,12:46:46,-92.9,23,22,67,22,22,23,23,23,22,22,38.43,0,3.2,3.2,3.2,2.2,2.2,3.2,3.2,3.2,3.2,3.21,3.2,3.2,3.2,3.2,0,8805260,3.21,3.2,100.0,100,-90.2,23,22,67,22,22,22,23,23,22,22,38.42,0,3.2,3.2,3.2,2.2,2.2,3.2,3.2,3.2,3.2,3.2,3.21,3.2,3.2,3.2,0,8583385,3.21,3.2,100.0,100,False,False,False
10-02-2021,12:46:49,-92.9,23,22,3,22,22,23,23,23,22,22,38.43,0,3.2,3.21,3.2,2.2,2.2,3.2,3.2,3.2,3.2,3.21,3.2,3.2,3.2,3.2,0,8805537,3.21,3.2,100.0,100,-90.2,23,22,3,22,22,22,23,23,22,22,38.42,0,3.2,3.2,3.2,2.2,2.2,3.2,3.2,3.2,3.2,3.2,3.2,3.2,3.2,3.2,0,8583654,3.2,3.2,100.0,100,False,False,False
10-02-2021,12:46:52,-92.9,23,22,67,22,22,23,23,23,22,22,38.43,0,3.2,3.2,3.2,2.2,2.2,3.2,3.2,3.2,3.2,3.21,3.2,3.2,3.2,3.2,0,8805813,3.21,3.2,100.0,100,-90.2,23,22,67,22,22,22,23,23,22,22,38.42,0,3.2,3.2,3.2,2.2,2.2,3.2,3.2,3.2,3.2,3.2,3.2,3.2,3.2,3.2,0,8583922,3.2,3.2,100.0,100,False,False,False
10-02-2021,12:46:55,-92.9,23,22,3,22,22,23,23,23,22,22,38.43,0,3.2,3.2,3.2,2.2,2.2,3.2,3.2,3.2,3.2,3.21,3.2,3.2,3.2,3.2,0,8806090,3.21,3.2,100.0,100,-90.2,23,22,3,22,22,22,23,23,22,22,38.42,0,3.2,3.2,3.2,2.2,2.2,3.2,3.2,3.2,3.2,3.2,3.2,3.2,3.2,3.2,0,8584191,3.2,3.2,100.0,100,False,False,False
10-02-2021,12:46:58,-92.9,23,22,67,22,22,23,23,23,22,22,38.43,0,3.2,3.2,3.2,2.2,2.2,3.2,3.2,3.2,3.2,3.21,3.2,3.2,3.2,3.2,0,8806366,3.21,3.2,100.0,100,-90.2,23,22,67,22,22,22,23,23,22,22,38.42,0,3.2,3.2,3.2,2.2,2.2,3.2,3.2,3.2,3.2,3.2,3.2,3.2,3.2,3.2,0,8584459,3.2,3.2,100.0,100,False,False,False
10-02-2021,12:47:01,-92.9,23,22,3,22,22,23,23,23,22,22,38.43,0,3.2,3.2,3.2,2.2,2.2,3.2,3.2,3.2,3.2,3.21,3.2,3.2,3.2,3.2,0,8806643,3.21,3.2,100.0,100,-90.2,23,22,3,22,22,22,23,23,22,22,38.42,0,3.2,3.2,3.2,2.2,2.2,3.2,3.2,3.2,3.2,3.2,3.2,3.2,3.2,3.2,0,8584728,3.2,3.2,100.0,100,False,False,False
10-02-2021,12:47:04,-92.9,23,22,67,22,22,23,23,23,22,22,38.43,0,3.2,3.2,3.2,2.2,2.2,3.2,3.2,3.2,3.2,3.21,3.2,3.2,3.2,3.2,0,8806920,3.21,3.2,100.0,100,-90.2,23,22,67,22,22,22,23,23,22,22,38.42,0,3.2,3.2,3.2,2.2,2.2,3.2,3.2,3.2,3.2,3.2,3.2,3.2,3.2,3.2,0,8584996,3.2,3.2,100.0,100,False,False,False
10-02-2021,12:47:07,-92.80000000000001,23,22,3,22,22,23,23,23,22,22,38.43,0,3.2,3.2,3.2,2.2,2.2,3.2,3.2,3.2,3.2,3.21,3.2,3.2,3.2,3.2,0,8807196,3.21,3.2,100.0,100,-90.2,23,22,3,22,22,22,23,23,22,22,38.42,0,3.2,3.2,3.2,2.2,2.2,3.2,3.2,3.2,3.2,3.2,3.2,3.2,3.2,3.2,0,8585264,3.2,3.2,100.0,100,False,False,False
10-02-2021,12:47:10,-92.9,23,22,67,22,22,23,23,23,22,22,38.43,0,3.2,3.2,3.2,2.2,2.2,3.2,3.2,3.2,3.2,3.21,3.2,3.2,3.2,3.2,0,8807473,3.21,3.2,100.0,100,-90.2,23,22,67,22,22,22,23,23,22,22,38.42,0,3.2,3.2,3.2,2.2,2.2,3.2,3.2,3.2,3.2,3.2,3.2,3.2,3.2,3.2,0,8585533,3.2,3.2,100.0,100,False,False,False
10-02-2021,12:47:13,-92.9,23,22,3,22,22,23,23,23,22,22,38.43,0,3.2,3.2,3.2,2.2,2.2,3.2,3.2,3.2,3.2,3.21,3.2,3.2,3.2,3.2,0,8807749,3.21,3.2,100.0,100,-90.30000000000001,23,22,3,22,22,22,23,23,22,22,38.42,0,3.2,3.2,3.2,2.2,2.2,3.2,3.2,3.2,3.2,3.2,3.2,3.2,3.2,3.2,0,8585802,3.2,3.2,100.0,100,False,False,False
10-02-2021,12:47:16,-92.9,23,22,67,22,22,23,23,23,22,22,38.43,0,3.2,3.2,3.2,2.2,2.2,3.2,3.2,3.2,3.2,3.21,3.2,3.2,3.2,3.2,0,8808026,3.21,3.2,100.0,100,-90.2,23,22,67,22,22,22,23,23,22,22,38.42,0,3.2,3.2,3.2,2.2,2.2,3.2,3.2,3.2,3.2,3.2,3.21,3.2,3.2,3.2,0,8586070,3.21,3.2,100.0,100,False,False,False
10-02-2021,12:47:19,-92.9,23,22,3,22,22,23,23,23,22,22,38.43,0,3.2,3.2,3.2,2.2,2.2,3.2,3.2,3.2,3.2,3.21,3.2,3.2,3.2,3.2,0,8808303,3.21,3.2,100.0,100,-90.2,23,22,3,22,22,22,23,23,22,22,38.42,0,3.2,3.2,3.2,2.2,2.2,3.2,3.2,3.2,3.2,3.2,3.2,3.2,3.2,3.2,0,8586339,3.2,3.2,100.0,100,False,False,False
10-02-2021,12:47:22,-92.9,23,22,67,22,22,23,23,23,22,22,38.43,0,3.2,3.2,3.2,2.2,2.2,3.2,3.2,3.2,3.2,3.21,3.2,3.2,3.2,3.2,0,8808579,3.21,3.2,100.0,100,-90.2,23,22,67,22,22,22,23,23,22,22,38.42,0,3.2,3.2,3.2,2.2,2.2,3.2,3.2,3.2,3.2,3.2,3.2,3.2,3.2,3.2,0,8586608,3.2,3.2,100.0,100,False,False,False
10-02-2021,12:47:25,-92.80000000000001,23,22,3,22,22,23,23,23,22,22,38.43,0,3.2,3.2,3.2,2.2,2.2,3.2,3.2,3.2,3.2,3.21,3.2,3.2,3.2,3.2,0,8808856,3.21,3.2,100.0,100,-90.2,23,22,3,22,22,22,23,23,22,22,38.42,0,3.2,3.2,3.2,2.2,2.2,3.2,3.2,3.2,3.2,3.2,3.2,3.2,3.2,3.2,0,8586876,3.2,3.2,100.0,100,False,False,False
10-02-2021,12:47:28,-92.9,23,22,67,22,22,23,23,23,22,22,38.43,0,3.2,3.2,3.2,2.2,2.2,3.2,3.2,3.2,3.2,3.21,3.2,3.2,3.2,3.2,0,8809133,3.21,3.2,100.0,100,-90.2,23,22,67,22,22,22,23,23,22,22,38.42,0,3.2,3.2,3.2,2.2,2.2,3.2,3.2,3.2,3.2,3.2,3.2,3.2,3.2,3.2,0,8587145,3.2,3.2,100.0,100,False,False,False
10-02-2021,12:47:31,-92.9,23,22,3,22,22,23,23,23,22,22,38.43,0,3.2,3.2,3.2,2.2,2.2,3.2,3.2,3.2,3.2,3.21,3.2,3.2,3.2,3.2,0,8809409,3.21,3.2,100.0,100,-90.2,23,22,3,22,22,22,23,23,22,22,38.42,0,3.2,3.2,3.2,2.2,2.2,3.2,3.2,3.2,3.2,3.2,3.21,3.2,3.2,3.2,0,8587413,3.21,3.2,100.0,100,False,False,False
10-02-2021,12:47:34,-92.80000000000001,23,22,67,22,22,23,23,23,22,22,38.43,0,3.2,3.2,3.2,2.2,2.2,3.2,3.2,3.2,3.2,3.21,3.2,3.2,3.2,3.2,0,8809686,3.21,3.2,100.0,100,-90.2,23,22,67,22,22,22,23,23,22,22,38.42,0,3.2,3.2,3.2,2.2,2.2,3.2,3.2,3.2,3.2,3.2,3.21,3.2,3.2,3.2,0,8587682,3.21,3.2,100.0,100,False,False,False
10-02-2021,12:47:37,-92.9,23,22,3,22,22,23,23,23,22,22,38.43,0,3.2,3.2,3.2,2.2,2.2,3.2,3.2,3.2,3.2,3.21,3.2,3.2,3.2,3.2,0,8809962,3.21,3.2,100.0,100,-90.30000000000001,23,22,3,22,22,22,23,23,22,22,38.42,0,3.2,3.2,3.2,2.2,2.2,3.2,3.2,3.2,3.2,3.2,3.21,3.2,3.2,3.2,0,8587950,3.21,3.2,100.0,100,False,False,False
10-02-2021,12:47:40,-92.9,23,22,67,22,22,23,23,23,22,22,38.43,0,3.2,3.2,3.2,2.2,2.2,3.2,3.2,3.2,3.2,3.21,3.2,3.2,3.2,3.2,0,8810239,3.21,3.2,100.0,100,-90.2,23,22,67,22,22,22,23,23,22,22,38.42,0,3.2,3.2,3.2,2.2,2.2,3.2,3.2,3.2,3.2,3.2,3.2,3.2,3.2,3.2,0,8588219,3.2,3.2,100.0,100,False,False,False
10-02-2021,12:47:43,-92.80000000000001,23,22,3,22,22,23,23,23,22,22,38.43,0,3.2,3.2,3.2,2.2,2.2,3.2,3.2,3.2,3.2,3.21,3.2,3.2,3.2,3.2,0,8810516,3.21,3.2,100.0,100,-90.2,23,22,3,22,22,22,23,23,22,22,38.42,0,3.2,3.2,3.2,2.2,2.2,3.2,3.2,3.2,3.2,3.2,3.2,3.2,3.2,3.2,0,8588488,3.2,3.2,100.0,100,False,False,False
10-02-2021,12:47:46,-92.80000000000001,23,22,67,22,22,23,23,23,22,22,38.43,0,3.2,3.2,3.2,2.2,2.2,3.2,3.2,3.2,3.2,3.21,3.2,3.2,3.2,3.2,0,8810792,3.21,3.2,100.0,100,-90.2,23,22,67,22,22,22,23,23,22,22,38.42,0,3.2,3.2,3.2,2.2,2.2,3.2,3.2,3.2,3.2,3.2,3.2,3.2,3.2,3.2,0,8588756,3.2,3.2,100.0,100,False,False,False
10-02-2021,12:47:49,-92.9,23,22,3,22,22,23,23,23,22,22,38.43,0,3.2,3.2,3.2,2.2,2.2,3.2,3.2,3.2,3.2,3.21,3.2,3.2,3.2,3.2,0,8811069,3.21,3.2,100.0,100,-90.2,23,22,3,22,22,22,23,23,22,22,38.42,0,3.2,3.2,3.2,2.2,2.2,3.2,3.2,3.2,3.2,3.2,3.2,3.2,3.2,3.2,0,8589025,3.2,3.2,100.0,100,False,False,False
10-02-2021,12:47:52,-92.9,23,22,67,22,22,23,23,23,22,22,38.43,0,3.2,3.2,3.2,2.2,2.2,3.2,3.2,3.2,3.2,3.21,3.2,3.2,3.2,3.2,0,8811346,3.21,3.2,100.0,100,-90.2,23,22,67,22,22,22,23,23,22,22,38.42,0,3.2,3.2,3.2,2.2,2.2,3.2,3.2,3.2,3.2,3.2,3.2,3.2,3.2,3.2,0,8589294,3.2,3.2,100.0,100,False,False,False
10-02-2021,12:47:55,-92.9,23,22,3,22,22,23,23,23,22,22,38.43,0,3.2,3.2,3.2,2.2,2.2,3.2,3.2,3.2,3.2,3.21,3.2,3.2,3.2,3.2,0,8811622,3.21,3.2,100.0,100,-90.2,23,22,3,22,22,22,23,23,22,22,38.42,0,3.2,3.2,3.2,2.2,2.2,3.2,3.2,3.2,3.2,3.2,3.21,3.2,3.2,3.2,0,8589562,3.21,3.2,100.0,100,False,False,False
10-02-2021,12:47:58,-92.9,23,22,67,22,22,23,23,23,22,22,38.43,0,3.2,3.2,3.2,2.2,2.2,3.2,3.2,3.2,3.2,3.21,3.2,3.2,3.2,3.2,0,8811899,3.21,3.2,100.0,100,-90.2,23,22,67,22,22,22,23,23,22,22,38.42,0,3.2,3.2,3.2,2.2,2.2,3.2,3.2,3.2,3.2,3.2,3.2,3.2,3.2,3.2,0,8589830,3.2,3.2,100.0,100,False,False,False
10-02-2021,12:48:01,-92.9,23,22,3,22,22,23,23,23,22,22,38.43,0,3.2,3.2,3.2,2.2,2.2,3.2,3.2,3.2,3.2,3.21,3.2,3.2,3.2,3.2,0,8812176,3.21,3.2,100.0,100,-90.30000000000001,23,22,3,22,22,22,23,23,22,22,38.42,0,3.2,3.2,3.2,2.2,2.2,3.2,3.2,3.2,3.2,3.2,3.2,3.2,3.2,3.2,0,8590099,3.2,3.2,100.0,100,False,False,False
10-02-2021,12:48:04,-92.9,23,22,67,22,22,23,23,23,22,22,38.43,0,3.2,3.2,3.2,2.2,2.2,3.2,3.2,3.2,3.2,3.21,3.2,3.2,3.2,3.2,0,8812452,3.21,3.2,100.0,100,-90.2,23,22,67,22,22,22,23,23,22,22,38.42,0,3.2,3.2,3.2,2.2,2.2,3.2,3.2,3.2,3.2,3.2,3.2,3.2,3.2,3.2,0,8590368,3.2,3.2,100.0,100,False,False,False
10-02-2021,12:48:07,-92.80000000000001,23,22,3,22,22,23,23,23,22,22,38.43,0,3.2,3.2,3.2,2.2,2.2,3.2,3.2,3.2,3.2,3.21,3.2,3.2,3.2,3.2,0,8812729,3.21,3.2,100.0,100,-90.30000000000001,23,22,3,22,22,22,23,23,22,22,38.42,0,3.2,3.2,3.2,2.2,2.2,3.2,3.2,3.2,3.2,3.2,3.2,3.2,3.2,3.2,0,8590636,3.2,3.2,100.0,100,False,False,False
10-02-2021,12:48:10,-92.80000000000001,23,22,67,22,22,23,23,23,22,22,38.43,0,3.2,3.2,3.2,2.2,2.2,3.2,3.2,3.2,3.2,3.21,3.2,3.2,3.2,3.2,0,8813005,3.21,3.2,100.0,100,-90.2,23,22,67,22,22,22,23,23,22,22,38.42,0,3.2,3.2,3.2,2.2,2.2,3.2,3.2,3.2,3.2,3.2,3.2,3.2,3.2,3.2,0,8590905,3.2,3.2,100.0,100,False,False,False
10-02-2021,12:48:13,-92.80000000000001,23,22,3,22,22,23,23,23,22,22,38.43,0,3.2,3.2,3.2,2.2,2.2,3.2,3.2,3.2,3.2,3.21,3.2,3.2,3.2,3.2,0,8813282,3.21,3.2,100.0,100,-90.2,23,22,3,22,22,22,23,23,22,22,38.42,0,3.2,3.2,3.2,2.2,2.2,3.2,3.2,3.2,3.2,3.2,3.2,3.2,3.2,3.2,0,8591174,3.2,3.2,100.0,100,False,False,False
10-02-2021,12:48:16,-92.9,23,22,67,22,22,23,23,23,22,22,38.43,0,3.2,3.2,3.2,2.2,2.2,3.2,3.2,3.2,3.2,3.21,3.2,3.2,3.2,3.2,0,8813559,3.21,3.2,100.0,100,-90.2,23,22,67,22,22,22,23,23,22,22,38.42,0,3.2,3.2,3.2,2.2,2.2,3.2,3.2,3.2,3.2,3.2,3.2,3.2,3.2,3.2,0,8591442,3.2,3.2,100.0,100,False,False,False
10-02-2021,12:48:19,-92.9,23,22,3,22,22,23,23,23,22,22,38.43,0,3.2,3.2,3.2,2.2,2.2,3.2,3.2,3.2,3.2,3.21,3.2,3.2,3.2,3.2,0,8813835,3.21,3.2,100.0,100,-90.30000000000001,23,22,3,22,22,22,23,23,22,22,38.42,0,3.2,3.2,3.2,2.2,2.2,3.2,3.2,3.2,3.2,3.2,3.2,3.2,3.2,3.2,0,8591711,3.2,3.2,100.0,100,False,False,False
10-02-2021,12:48:22,-92.80000000000001,23,22,67,22,22,23,23,23,22,22,38.43,0,3.2,3.2,3.2,2.2,2.2,3.2,3.2,3.2,3.2,3.21,3.2,3.2,3.2,3.2,0,8814112,3.21,3.2,100.0,100,-90.30000000000001,23,22,67,22,22,22,23,23,22,22,38.42,0,3.2,3.2,3.2,2.2,2.2,3.2,3.2,3.2,3.2,3.2,3.2,3.2,3.2,3.2,0,8591979,3.2,3.2,100.0,100,False,False,False
10-02-2021,12:48:25,-92.80000000000001,23,22,3,22,22,23,23,23,22,22,38.43,0,3.2,3.2,3.2,2.2,2.2,3.2,3.2,3.2,3.2,3.21,3.2,3.2,3.2,3.2,0,8814388,3.21,3.2,100.0,100,-90.2,23,22,3,22,22,22,23,23,22,22,38.42,0,3.2,3.2,3.2,2.2,2.2,3.2,3.2,3.2,3.2,3.2,3.2,3.2,3.2,3.2,0,8592247,3.2,3.2,100.0,100,False,False,False
10-02-2021,12:48:28,-92.9,23,22,67,22,22,23,23,23,22,22,38.43,0,3.2,3.2,3.2,2.2,2.2,3.2,3.2,3.2,3.2,3.21,3.2,3.2,3.2,3.2,0,8814664,3.21,3.2,100.0,100,-90.2,23,22,67,22,22,22,23,23,22,22,38.42,0,3.2,3.2,3.2,2.2,2.2,3.2,3.2,3.2,3.2,3.2,3.2,3.2,3.2,3.2,0,8592516,3.2,3.2,100.0,100,False,False,False
10-02-2021,12:48:31,-92.80000000000001,23,22,3,22,22,23,23,23,22,22,38.43,0,3.2,3.2,3.2,2.2,2.2,3.2,3.2,3.2,3.2,3.21,3.2,3.2,3.2,3.2,0,8814942,3.21,3.2,100.0,100,-90.2,23,22,3,22,22,22,23,23,22,22,38.42,0,3.2,3.2,3.2,2.2,2.2,3.2,3.2,3.2,3.2,3.2,3.2,3.2,3.2,3.2,0,8592785,3.2,3.2,100.0,100,False,False,False
10-02-2021,12:48:34,-92.9,23,22,67,22,22,23,23,23,22,22,38.43,0,3.2,3.2,3.2,2.2,2.2,3.2,3.2,3.2,3.2,3.21,3.2,3.2,3.2,3.2,0,8815218,3.21,3.2,100.0,100,-90.2,23,22,67,22,22,22,23,23,22,22,38.42,0,3.2,3.2,3.2,2.2,2.2,3.2,3.2,3.2,3.2,3.2,3.2,3.2,3.2,3.2,0,8593053,3.2,3.2,100.0,100,False,False,False
10-02-2021,12:48:37,-92.9,23,22,3,22,22,23,23,23,22,22,38.43,0,3.2,3.2,3.2,2.2,2.2,3.2,3.2,3.2,3.2,3.21,3.2,3.2,3.2,3.2,0,8815495,3.21,3.2,100.0,100,-90.2,23,22,3,22,22,22,23,23,22,22,38.42,0,3.2,3.2,3.2,2.2,2.2,3.2,3.2,3.2,3.2,3.2,3.2,3.2,3.2,3.2,0,8593322,3.2,3.2,100.0,100,False,False,False
10-02-2021,12:48:40,-92.80000000000001,23,22,67,22,22,23,23,23,22,22,38.43,0,3.2,3.2,3.2,2.2,2.2,3.2,3.2,3.2,3.2,3.21,3.2,3.2,3.2,3.2,0,8815863,3.21,3.2,100.0,100,-90.2,23,22,67,22,22,22,23,23,22,22,38.42,0,3.2,3.2,3.2,2.2,2.2,3.2,3.2,3.2,3.2,3.2,3.2,3.2,3.2,3.2,0,8593590,3.2,3.2,100.0,100,False,False,False
10-02-2021,12:48:43,-92.80000000000001,23,22,3,22,22,23,23,23,22,22,38.43,0,3.2,3.2,3.2,2.2,2.2,3.2,3.2,3.2,3.2,3.21,3.2,3.2,3.2,3.2,0,8816140,3.21,3.2,100.0,100,-90.2,23,22,3,22,22,22,23,23,22,22,38.42,0,3.2,3.2,3.2,2.2,2.2,3.2,3.2,3.2,3.2,3.2,3.2,3.2,3.2,3.2,0,8593859,3.2,3.2,100.0,100,False,False,False
10-02-2021,12:48:46,-92.80000000000001,23,22,67,22,22,23,23,23,22,22,38.43,0,3.2,3.2,3.2,2.2,2.2,3.2,3.2,3.2,3.2,3.21,3.2,3.2,3.2,3.2,0,8816417,3.21,3.2,100.0,100,-90.2,23,22,67,22,22,22,23,23,22,22,38.42,0,3.2,3.2,3.2,2.2,2.2,3.2,3.2,3.2,3.2,3.2,3.21,3.2,3.2,3.2,0,8594127,3.21,3.2,100.0,100,False,False,False
10-02-2021,12:48:49,-92.9,23,22,3,22,22,23,23,23,22,22,38.43,0,3.2,3.2,3.2,2.2,2.2,3.2,3.2,3.2,3.2,3.21,3.2,3.2,3.2,3.2,0,8816694,3.21,3.2,100.0,100,-90.30000000000001,23,22,3,22,22,22,23,23,22,22,38.42,0,3.2,3.2,3.2,2.2,2.2,3.2,3.2,3.2,3.2,3.2,3.2,3.2,3.2,3.2,0,8594395,3.2,3.2,100.0,100,False,False,False
10-02-2021,12:48:52,-92.80000000000001,23,22,67,22,22,23,23,23,22,22,38.43,0,3.2,3.2,3.2,2.2,2.2,3.2,3.2,3.2,3.2,3.21,3.2,3.2,3.2,3.2,0,8816971,3.21,3.2,100.0,100,-90.30000000000001,23,22,67,22,22,22,23,23,22,22,38.42,0,3.2,3.2,3.2,2.2,2.2,3.2,3.2,3.2,3.2,3.2,3.2,3.2,3.2,3.2,0,8594664,3.2,3.2,100.0,100,False,False,False
10-02-2021,12:48:55,-92.80000000000001,23,22,3,22,22,23,23,23,22,22,38.43,0,3.2,3.2,3.2,2.2,2.2,3.2,3.2,3.2,3.2,3.21,3.2,3.2,3.2,3.2,0,8817248,3.21,3.2,100.0,100,-90.30000000000001,23,22,3,22,22,22,23,23,22,22,38.42,0,3.2,3.2,3.2,2.2,2.2,3.2,3.2,3.2,3.2,3.2,3.2,3.2,3.2,3.2,0,8594933,3.2,3.2,100.0,100,False,False,False
10-02-2021,12:48:58,-92.9,23,22,67,22,22,23,23,23,22,22,38.43,0,3.2,3.2,3.2,2.2,2.2,3.2,3.2,3.2,3.2,3.21,3.2,3.2,3.2,3.2,0,8817525,3.21,3.2,100.0,100,-90.2,23,22,67,22,22,22,23,23,22,22,38.42,0,3.2,3.2,3.2,2.2,2.2,3.2,3.2,3.2,3.2,3.2,3.2,3.2,3.2,3.2,0,8595201,3.2,3.2,100.0,100,False,False,False
10-02-2021,12:49:01,-92.80000000000001,23,22,3,22,22,23,23,23,22,22,38.43,0,3.2,3.2,3.2,2.2,2.2,3.2,3.2,3.2,3.2,3.21,3.2,3.2,3.2,3.2,0,8817802,3.21,3.2,100.0,100,-90.2,23,22,3,22,22,22,23,23,22,22,38.42,0,3.2,3.2,3.2,2.2,2.2,3.2,3.2,3.2,3.2,3.2,3.2,3.2,3.2,3.2,0,8595470,3.2,3.2,100.0,100,False,False,False
10-02-2021,12:49:04,-92.80000000000001,23,22,67,22,22,23,23,23,22,22,38.43,0,3.2,3.2,3.2,2.2,2.2,3.2,3.2,3.2,3.2,3.21,3.2,3.2,3.2,3.2,0,8818078,3.21,3.2,100.0,100,-90.30000000000001,23,22,67,22,22,22,23,23,22,22,38.42,0,3.2,3.2,3.2,2.2,2.2,3.2,3.2,3.2,3.2,3.2,3.2,3.2,3.2,3.2,0,8595738,3.2,3.2,100.0,100,False,False,False
10-02-2021,12:49:07,-92.80000000000001,23,22,3,22,22,23,23,23,22,22,38.43,0,3.2,3.2,3.2,2.2,2.2,3.2,3.2,3.2,3.2,3.21,3.2,3.2,3.2,3.2,0,8818355,3.21,3.2,100.0,100,-90.2,23,22,3,22,22,22,23,23,22,22,38.42,0,3.2,3.2,3.2,2.2,2.2,3.2,3.2,3.2,3.2,3.2,3.2,3.2,3.2,3.2,0,8596007,3.2,3.2,100.0,100,False,False,False
10-02-2021,12:49:10,-92.9,23,22,67,22,22,23,23,23,22,22,38.43,0,3.2,3.2,3.2,2.2,2.2,3.2,3.2,3.2,3.2,3.21,3.2,3.2,3.2,3.2,0,8818633,3.21,3.2,100.0,100,-90.2,23,22,67,22,22,22,23,23,22,22,38.42,0,3.2,3.2,3.2,2.2,2.2,3.2,3.2,3.2,3.2,3.2,3.2,3.2,3.2,3.2,0,8596276,3.2,3.2,100.0,100,False,False,False
10-02-2021,12:49:13,-92.80000000000001,23,22,3,22,22,23,23,23,22,22,38.43,0,3.2,3.2,3.2,2.2,2.2,3.2,3.2,3.2,3.2,3.21,3.2,3.2,3.2,3.2,0,8818909,3.21,3.2,100.0,100,-90.2,23,22,3,22,22,22,23,23,22,22,38.42,0,3.2,3.2,3.2,2.2,2.2,3.2,3.2,3.2,3.2,3.2,3.2,3.2,3.2,3.2,0,8596544,3.2,3.2,100.0,100,False,False,False
10-02-2021,12:49:15,-92.80000000000001,23,22,67,22,22,23,23,23,22,22,38.43,0,3.2,3.2,3.2,2.2,2.2,3.2,3.2,3.2,3.2,3.21,3.2,3.2,3.2,3.2,0,8819186,3.21,3.2,100.0,100,-90.2,23,22,67,22,22,22,23,23,22,22,38.42,0,3.2,3.2,3.2,2.2,2.2,3.2,3.2,3.2,3.2,3.2,3.2,3.2,3.2,3.2,0,8596812,3.2,3.2,100.0,100,False,False,False
10-02-2021,12:49:18,-92.80000000000001,23,22,3,22,22,23,23,23,22,22,38.43,0,3.2,3.2,3.2,2.2,2.2,3.2,3.2,3.2,3.2,3.21,3.2,3.2,3.2,3.2,0,8819463,3.21,3.2,100.0,100,-90.2,23,22,3,22,22,22,23,23,22,22,38.42,0,3.2,3.2,3.2,2.2,2.2,3.2,3.2,3.2,3.2,3.2,3.2,3.2,3.2,3.2,0,8597081,3.2,3.2,100.0,100,False,False,False
10-02-2021,12:49:21,-92.80000000000001,23,22,67,22,22,23,23,23,22,22,38.43,0,3.2,3.2,3.2,2.2,2.2,3.2,3.2,3.2,3.2,3.21,3.2,3.2,3.2,3.2,0,8819740,3.21,3.2,100.0,100,-90.2,23,22,67,22,22,22,23,23,22,22,38.42,0,3.2,3.2,3.2,2.2,2.2,3.2,3.2,3.2,3.2,3.2,3.2,3.2,3.2,3.2,0,8597349,3.2,3.2,100.0,100,False,False,False
10-02-2021,12:49:24,-92.80000000000001,23,22,3,22,22,23,23,23,22,22,38.43,0,3.2,3.2,3.2,2.2,2.2,3.2,3.2,3.2,3.2,3.21,3.2,3.2,3.2,3.2,0,8820017,3.21,3.2,100.0,100,-90.2,23,22,3,22,22,22,23,23,22,22,38.42,0,3.2,3.2,3.2,2.2,2.2,3.2,3.2,3.2,3.2,3.2,3.2,3.2,3.2,3.2,0,8597618,3.2,3.2,100.0,100,False,False,False
10-02-2021,12:49:27,-92.9,23,22,67,22,22,23,23,23,22,22,38.43,0,3.2,3.2,3.2,2.2,2.2,3.2,3.2,3.2,3.2,3.21,3.2,3.2,3.2,3.2,0,8820293,3.21,3.2,100.0,100,-90.2,23,22,67,22,22,22,23,23,22,22,38.42,0,3.2,3.2,3.2,2.2,2.2,3.2,3.2,3.2,3.2,3.2,3.2,3.2,3.2,3.2,0,8597887,3.2,3.2,100.0,100,False,False,False
10-02-2021,12:49:30,-92.9,23,22,3,22,22,23,23,23,22,22,38.43,0,3.2,3.2,3.2,2.2,2.2,3.2,3.2,3.2,3.2,3.21,3.2,3.2,3.2,3.2,0,8820571,3.21,3.2,100.0,100,-90.2,23,22,3,22,22,22,23,23,22,22,38.42,0,3.2,3.2,3.2,2.2,2.2,3.2,3.2,3.2,3.2,3.2,3.2,3.2,3.2,3.2,0,8598155,3.2,3.2,100.0,100,False,False,False
10-02-2021,12:49:33,-92.80000000000001,23,22,67,22,22,23,23,23,22,22,38.43,0,3.2,3.2,3.2,2.2,2.2,3.2,3.2,3.2,3.2,3.21,3.2,3.2,3.2,3.2,0,8820755,3.21,3.2,100.0,100,-90.30000000000001,23,22,67,22,22,22,23,23,22,22,38.42,0,3.2,3.2,3.2,2.2,2.2,3.2,3.2,3.2,3.2,3.2,3.2,3.2,3.2,3.2,0,8598424,3.2,3.2,100.0,100,False,False,False
10-02-2021,12:49:36,-92.80000000000001,23,22,3,22,22,23,23,23,22,22,38.43,0,3.2,3.2,3.2,2.2,2.2,3.2,3.2,3.2,3.2,3.21,3.2,3.2,3.2,3.2,0,8821124,3.21,3.2,100.0,100,-90.30000000000001,23,22,3,22,22,22,23,23,22,22,38.42,0,3.2,3.2,3.2,2.2,2.2,3.2,3.2,3.2,3.2,3.2,3.2,3.2,3.2,3.2,0,8598693,3.2,3.2,100.0,100,False,False,False
10-02-2021,12:49:39,-92.80000000000001,23,22,67,22,22,23,23,23,22,22,38.43,0,3.2,3.2,3.2,2.2,2.2,3.2,3.2,3.2,3.2,3.21,3.2,3.2,3.2,3.2,0,8821400,3.21,3.2,100.0,100,-90.2,23,22,67,22,22,22,23,23,22,22,38.42,0,3.2,3.2,3.2,2.2,2.2,3.2,3.2,3.2,3.2,3.2,3.2,3.2,3.2,3.2,0,8598961,3.2,3.2,100.0,100,False,False,False
10-02-2021,12:49:42,-92.80000000000001,23,22,3,22,22,23,23,23,22,22,38.43,0,3.2,3.2,3.2,2.2,2.2,3.2,3.2,3.2,3.2,3.2,3.2,3.2,3.2,3.2,0,8821677,3.2,3.2,100.0,100,-90.2,23,22,3,22,22,22,23,23,22,22,38.42,0,3.2,3.2,3.2,2.2,2.2,3.2,3.2,3.2,3.2,3.2,3.2,3.2,3.2,3.2,0,8599229,3.2,3.2,100.0,100,False,False,False
10-02-2021,12:49:45,-92.80000000000001,23,22,67,22,22,23,23,23,22,22,38.43,0,3.2,3.2,3.2,2.2,2.2,3.2,3.2,3.2,3.2,3.21,3.2,3.2,3.2,3.2,0,8821955,3.21,3.2,100.0,100,-90.2,23,22,67,22,22,22,23,23,22,22,38.42,0,3.2,3.2,3.2,2.2,2.2,3.2,3.2,3.2,3.2,3.2,3.2,3.2,3.2,3.2,0,8599498,3.2,3.2,100.0,100,False,False,False
10-02-2021,12:49:48,-92.80000000000001,23,22,3,22,22,23,23,23,22,22,38.43,0,3.2,3.2,3.2,2.2,2.2,3.2,3.2,3.2,3.2,3.21,3.2,3.2,3.2,3.2,0,8822139,3.21,3.2,100.0,100,-90.2,23,22,3,22,22,22,23,23,22,22,38.42,0,3.2,3.2,3.2,2.2,2.2,3.2,3.2,3.2,3.2,3.2,3.2,3.2,3.2,3.2,0,8599767,3.2,3.2,100.0,100,False,False,False
10-02-2021,12:49:51,-92.7,23,22,67,22,22,23,23,23,22,22,38.43,0,3.2,3.2,3.2,2.2,2.2,3.2,3.2,3.2,3.2,3.21,3.2,3.2,3.2,3.2,0,8822507,3.21,3.2,100.0,100,-90.2,23,22,67,22,22,22,23,23,22,22,38.42,0,3.2,3.2,3.2,2.2,2.2,3.2,3.2,3.2,3.2,3.2,3.2,3.2,3.2,3.2,0,8600035,3.2,3.2,100.0,100,False,False,False
10-02-2021,12:49:54,-92.80000000000001,23,22,3,22,22,23,23,23,22,22,38.43,0,3.2,3.2,3.2,2.2,2.2,3.2,3.2,3.2,3.2,3.21,3.2,3.2,3.2,3.2,0,8822784,3.21,3.2,100.0,100,-90.2,23,22,3,22,22,22,23,23,22,22,38.42,0,3.2,3.2,3.2,2.2,2.2,3.2,3.2,3.2,3.2,3.2,3.2,3.2,3.2,3.2,0,8600304,3.2,3.2,100.0,100,False,False,False
10-02-2021,12:49:57,-92.80000000000001,23,22,67,22,22,23,23,23,22,22,38.43,0,3.2,3.2,3.2,2.2,2.2,3.2,3.2,3.2,3.2,3.21,3.2,3.2,3.2,3.2,0,8823061,3.21,3.2,100.0,100,-90.2,23,22,67,22,22,22,23,23,22,22,38.42,0,3.2,3.2,3.2,2.2,2.2,3.2,3.2,3.2,3.2,3.2,3.2,3.2,3.2,3.2,0,8600573,3.2,3.2,100.0,100,False,False,False
10-02-2021,12:50:00,-92.80000000000001,23,22,3,22,22,23,23,23,22,22,38.43,0,3.2,3.2,3.2,2.2,2.2,3.2,3.2,3.2,3.2,3.21,3.2,3.2,3.2,3.2,0,8823337,3.21,3.2,100.0,100,-90.2,23,22,3,22,22,22,23,23,22,22,38.42,0,3.2,3.2,3.2,2.2,2.2,3.2,3.2,3.2,3.2,3.2,3.2,3.2,3.2,3.2,0,8600841,3.2,3.2,100.0,100,False,False,False
10-02-2021,12:50:03,-92.80000000000001,23,22,67,22,22,23,23,23,22,22,38.43,0,3.2,3.2,3.2,2.2,2.2,3.2,3.2,3.2,3.2,3.2,3.2,3.2,3.2,3.2,0,8823614,3.2,3.2,100.0,100,-90.2,23,22,67,22,22,22,23,23,22,22,38.42,0,3.2,3.2,3.2,2.2,2.2,3.2,3.2,3.2,3.2,3.2,3.2,3.2,3.2,3.2,0,8601110,3.2,3.2,100.0,100,False,False,False
10-02-2021,12:50:06,-92.80000000000001,23,22,3,22,22,23,23,23,22,22,38.43,0,3.2,3.2,3.2,2.2,2.2,3.2,3.2,3.2,3.2,3.21,3.2,3.2,3.2,3.2,0,8823891,3.21,3.2,100.0,100,-90.30000000000001,23,22,3,22,22,22,23,23,22,22,38.42,0,3.2,3.2,3.2,2.2,2.2,3.2,3.2,3.2,3.2,3.2,3.2,3.2,3.2,3.2,0,8601379,3.2,3.2,100.0,100,False,False,False
10-02-2021,12:50:09,-92.80000000000001,23,22,67,22,22,23,23,23,22,22,38.43,0,3.2,3.2,3.2,2.2,2.2,3.2,3.2,3.2,3.2,3.21,3.2,3.2,3.2,3.2,0,8824167,3.21,3.2,100.0,100,-90.2,23,22,67,22,22,22,23,23,22,22,38.42,0,3.2,3.2,3.2,2.2,2.2,3.2,3.2,3.2,3.2,3.2,3.2,3.2,3.2,3.2,0,8601647,3.2,3.2,100.0,100,False,False,False
10-02-2021,12:50:12,-92.80000000000001,23,22,3,22,22,23,23,23,22,22,38.43,0,3.2,3.2,3.2,2.2,2.2,3.2,3.2,3.2,3.2,3.21,3.2,3.2,3.2,3.2,0,8824444,3.21,3.2,100.0,100,-90.30000000000001,23,22,3,22,22,22,23,23,22,22,38.42,0,3.2,3.2,3.2,2.2,2.2,3.2,3.2,3.2,3.2,3.2,3.2,3.2,3.2,3.2,0,8601916,3.2,3.2,100.0,100,False,False,False
10-02-2021,12:50:15,-92.7,23,22,67,22,22,23,23,23,22,22,38.43,0,3.2,3.2,3.2,2.2,2.2,3.2,3.2,3.2,3.2,3.21,3.2,3.2,3.2,3.2,0,8824721,3.21,3.2,100.0,100,-90.30000000000001,23,22,67,22,22,22,23,23,22,22,38.42,0,3.2,3.2,3.2,2.2,2.2,3.2,3.2,3.2,3.2,3.2,3.2,3.2,3.2,3.2,0,8602184,3.2,3.2,100.0,100,False,False,False
10-02-2021,12:50:18,-92.80000000000001,23,22,3,22,22,23,23,23,22,22,38.43,0,3.2,3.2,3.2,2.2,2.2,3.2,3.2,3.2,3.2,3.21,3.2,3.2,3.2,3.2,0,8824997,3.21,3.2,100.0,100,-90.2,23,22,3,22,22,22,23,23,22,22,38.42,0,3.2,3.2,3.2,2.2,2.2,3.2,3.2,3.2,3.2,3.2,3.2,3.2,3.2,3.2,0,8602453,3.2,3.2,100.0,100,False,False,False
10-02-2021,12:50:21,-92.80000000000001,23,22,67,22,22,23,23,23,22,22,38.43,0,3.2,3.2,3.2,2.2,2.2,3.2,3.2,3.2,3.2,3.21,3.2,3.2,3.2,3.2,0,8825274,3.21,3.2,100.0,100,-90.2,23,22,67,22,22,22,23,23,22,22,38.42,0,3.2,3.2,3.2,2.2,2.2,3.2,3.2,3.2,3.2,3.2,3.2,3.2,3.2,3.2,0,8602721,3.2,3.2,100.0,100,False,False,False
10-02-2021,12:50:24,-92.80000000000001,23,22,3,22,22,23,23,23,22,22,38.43,0,3.2,3.2,3.2,2.2,2.2,3.2,3.2,3.2,3.2,3.21,3.2,3.2,3.2,3.2,0,8825550,3.21,3.2,100.0,100,-90.30000000000001,23,22,3,22,22,22,23,23,22,22,38.42,0,3.2,3.2,3.2,2.2,2.2,3.2,3.2,3.2,3.2,3.2,3.2,3.2,3.2,3.2,0,8602990,3.2,3.2,100.0,100,False,False,False
10-02-2021,12:50:27,-92.80000000000001,23,22,67,22,22,23,23,23,22,22,38.43,0,3.2,3.2,3.2,2.2,2.2,3.2,3.2,3.2,3.2,3.21,3.2,3.2,3.2,3.2,0,8825827,3.21,3.2,100.0,100,-90.30000000000001,23,22,67,22,22,22,23,23,22,22,38.42,0,3.2,3.2,3.2,2.2,2.2,3.2,3.2,3.2,3.2,3.2,3.2,3.2,3.2,3.2,0,8603259,3.2,3.2,100.0,100,False,False,False
10-02-2021,12:50:30,-92.80000000000001,23,22,3,22,22,23,23,23,22,22,38.43,0,3.2,3.2,3.2,2.2,2.2,3.2,3.2,3.2,3.2,3.21,3.2,3.2,3.2,3.2,0,8826103,3.21,3.2,100.0,100,-90.30000000000001,23,22,3,22,22,22,23,23,22,22,38.42,0,3.2,3.2,3.2,2.2,2.2,3.2,3.2,3.2,3.2,3.2,3.2,3.2,3.2,3.2,0,8603527,3.2,3.2,100.0,100,False,False,False
10-02-2021,12:50:33,-92.80000000000001,23,22,67,22,22,23,23,23,22,22,38.43,0,3.2,3.2,3.2,2.2,2.2,3.2,3.2,3.2,3.2,3.21,3.2,3.2,3.2,3.2,0,8826380,3.21,3.2,100.0,100,-90.2,23,22,67,22,22,22,23,23,22,22,38.42,0,3.2,3.2,3.2,2.2,2.2,3.2,3.2,3.2,3.2,3.2,3.2,3.2,3.2,3.2,0,8603796,3.2,3.2,100.0,100,False,False,False
10-02-2021,12:50:36,-92.7,23,22,3,22,22,23,23,23,22,22,38.43,0,3.2,3.2,3.2,2.2,2.2,3.2,3.2,3.2,3.2,3.21,3.2,3.2,3.2,3.2,0,8826564,3.21,3.2,100.0,100,-90.2,23,22,3,22,22,22,23,23,22,22,38.42,0,3.2,3.2,3.2,2.2,2.2,3.2,3.2,3.2,3.2,3.2,3.2,3.2,3.2,3.2,0,8604065,3.2,3.2,100.0,100,False,False,False
10-02-2021,12:50:39,-92.7,23,22,67,22,22,23,23,23,22,22,38.43,0,3.2,3.2,3.2,2.2,2.2,3.2,3.2,3.2,3.2,3.2,3.2,3.2,3.2,3.2,0,8826933,3.2,3.2,100.0,100,-90.30000000000001,23,22,67,22,22,22,23,23,22,22,38.42,0,3.2,3.2,3.2,2.2,2.2,3.2,3.2,3.2,3.2,3.2,3.2,3.2,3.2,3.2,0,8604333,3.2,3.2,100.0,100,False,False,False
10-02-2021,12:50:42,-92.7,23,22,3,22,22,23,23,23,22,22,38.43,0,3.2,3.2,3.2,2.2,2.2,3.2,3.2,3.2,3.2,3.21,3.2,3.2,3.2,3.2,0,8827210,3.21,3.2,100.0,100,-90.30000000000001,23,22,3,22,22,22,23,23,22,22,38.410000000000004,0,3.2,3.2,3.2,2.2,2.2,3.2,3.2,3.2,3.2,3.2,3.2,3.2,3.2,3.2,0,8604602,3.2,3.2,100.0,100,False,False,False
10-02-2021,12:50:45,-92.80000000000001,23,22,67,22,22,23,23,23,22,22,38.43,0,3.2,3.2,3.2,2.2,2.2,3.2,3.2,3.2,3.2,3.21,3.2,3.2,3.2,3.2,0,8827487,3.21,3.2,100.0,100,-90.30000000000001,23,22,67,22,22,22,23,23,22,22,38.42,0,3.2,3.2,3.2,2.2,2.2,3.2,3.2,3.2,3.2,3.2,3.2,3.2,3.2,3.2,0,8604870,3.2,3.2,100.0,100,False,False,False
10-02-2021,12:50:48,-92.80000000000001,23,22,3,22,22,23,23,23,22,22,38.43,0,3.2,3.2,3.2,2.2,2.2,3.2,3.2,3.2,3.2,3.2,3.2,3.2,3.2,3.2,0,8827763,3.2,3.2,100.0,100,-90.30000000000001,23,22,3,22,22,22,23,23,22,22,38.42,0,3.2,3.2,3.2,2.2,2.2,3.2,3.2,3.2,3.2,3.2,3.2,3.2,3.2,3.2,0,8605139,3.2,3.2,100.0,100,False,False,False
10-02-2021,12:50:51,-92.80000000000001,23,22,67,22,22,23,23,23,22,22,38.43,0,3.2,3.2,3.2,2.2,2.2,3.2,3.2,3.2,3.2,3.2,3.2,3.2,3.2,3.2,0,8828040,3.2,3.2,100.0,100,-90.2,23,22,67,22,22,22,23,23,22,22,38.42,0,3.2,3.2,3.2,2.2,2.2,3.2,3.2,3.2,3.2,3.2,3.2,3.2,3.2,3.2,0,8605407,3.2,3.2,100.0,100,False,False,False
10-02-2021,12:50:54,-92.7,23,22,3,22,22,23,23,23,22,22,38.43,0,3.2,3.2,3.2,2.2,2.2,3.2,3.2,3.2,3.2,3.21,3.2,3.2,3.2,3.2,0,8828317,3.21,3.2,100.0,100,-90.2,23,22,3,22,22,22,23,23,22,22,38.42,0,3.2,3.2,3.2,2.2,2.2,3.2,3.2,3.2,3.2,3.2,3.2,3.2,3.2,3.2,0,8605676,3.2,3.2,100.0,100,False,False,False
10-02-2021,12:50:57,-92.7,23,22,67,22,22,23,23,23,22,22,38.43,0,3.2,3.2,3.2,2.2,2.2,3.2,3.2,3.2,3.2,3.21,3.2,3.2,3.2,3.2,0,8828593,3.21,3.2,100.0,100,-90.30000000000001,23,22,67,22,22,22,23,23,22,22,38.42,0,3.2,3.2,3.2,2.2,2.2,3.2,3.2,3.2,3.2,3.2,3.2,3.2,3.2,3.2,0,8605945,3.2,3.2,100.0,100,False,False,False
10-02-2021,12:51:00,-92.80000000000001,23,22,3,22,22,23,23,23,22,22,38.43,0,3.2,3.2,3.2,2.2,2.2,3.2,3.2,3.2,3.2,3.21,3.2,3.2,3.2,3.2,0,8828870,3.21,3.2,100.0,100,-90.2,23,22,3,22,22,22,23,23,22,22,38.42,0,3.2,3.2,3.2,2.2,2.2,3.2,3.2,3.2,3.2,3.2,3.2,3.2,3.2,3.2,0,8606213,3.2,3.2,100.0,100,False,False,False
10-02-2021,12:51:03,-92.7,23,22,67,22,22,23,23,23,22,22,38.43,0,3.2,3.2,3.2,2.2,2.2,3.2,3.2,3.2,3.2,3.2,3.2,3.2,3.2,3.2,0,8829146,3.2,3.2,100.0,100,-90.2,23,22,67,22,22,22,23,23,22,22,38.42,0,3.2,3.2,3.2,2.2,2.2,3.2,3.2,3.2,3.2,3.2,3.2,3.2,3.2,3.2,0,8606482,3.2,3.2,100.0,100,False,False,False
10-02-2021,12:51:06,-92.80000000000001,23,22,3,22,22,23,23,23,22,22,38.43,0,3.2,3.2,3.2,2.2,2.2,3.2,3.2,3.2,3.2,3.21,3.2,3.2,3.2,3.2,0,8829423,3.21,3.2,100.0,100,-90.2,23,22,3,22,22,22,23,23,22,22,38.42,0,3.2,3.2,3.2,2.2,2.2,3.2,3.2,3.2,3.2,3.2,3.2,3.2,3.2,3.2,0,8606750,3.2,3.2,100.0,100,False,False,False
10-02-2021,12:51:09,-92.80000000000001,23,22,67,22,22,23,23,23,22,22,38.43,0,3.2,3.2,3.2,2.2,2.2,3.2,3.2,3.2,3.2,3.21,3.2,3.2,3.2,3.2,0,8829700,3.21,3.2,100.0,100,-90.2,23,22,67,22,22,22,23,23,22,22,38.410000000000004,0,3.2,3.2,3.2,2.2,2.2,3.2,3.2,3.2,3.2,3.2,3.2,3.2,3.2,3.2,0,8607018,3.2,3.2,100.0,100,False,False,False
10-02-2021,12:51:12,-92.80000000000001,23,22,3,22,22,23,23,23,22,22,38.43,0,3.2,3.2,3.2,2.2,2.2,3.2,3.2,3.2,3.2,3.21,3.2,3.2,3.2,3.2,0,8829976,3.21,3.2,100.0,100,-90.2,23,22,3,22,22,22,23,23,22,22,38.42,0,3.2,3.2,3.2,2.2,2.2,3.2,3.2,3.2,3.2,3.2,3.2,3.2,3.2,3.2,0,8607287,3.2,3.2,100.0,100,False,False,False
10-02-2021,12:51:15,-92.80000000000001,23,22,67,22,22,23,23,23,22,22,38.43,0,3.2,3.2,3.2,2.2,2.2,3.2,3.2,3.2,3.2,3.21,3.2,3.2,3.2,3.2,0,8830253,3.21,3.2,100.0,100,-90.2,23,22,67,22,22,22,23,23,22,22,38.410000000000004,0,3.2,3.2,3.2,2.2,2.2,3.2,3.2,3.2,3.2,3.2,3.2,3.2,3.2,3.2,0,8607555,3.2,3.2,100.0,100,False,False,False
10-02-2021,12:51:18,-92.80000000000001,23,22,3,22,22,23,23,23,22,22,38.42,0,3.2,3.2,3.2,2.2,2.2,3.2,3.2,3.2,3.2,3.21,3.2,3.2,3.2,3.2,0,8830533,3.21,3.2,100.0,100,-90.30000000000001,23,22,3,22,22,22,23,23,22,22,38.410000000000004,0,3.2,3.2,3.2,2.2,2.2,3.2,3.2,3.2,3.2,3.2,3.2,3.2,3.2,3.2,0,8607824,3.2,3.2,100.0,100,False,False,False
10-02-2021,12:51:21,-92.80000000000001,23,22,67,22,22,23,23,23,22,22,38.43,0,3.2,3.2,3.2,2.2,2.2,3.2,3.2,3.2,3.2,3.21,3.2,3.2,3.2,3.2,0,8830717,3.21,3.2,100.0,100,-90.30000000000001,23,22,67,22,22,22,23,23,22,22,38.42,0,3.2,3.2,3.2,2.2,2.2,3.2,3.2,3.2,3.2,3.2,3.2,3.2,3.2,3.2,0,8608093,3.2,3.2,100.0,100,False,False,False
10-02-2021,12:51:24,-92.9,23,22,3,22,22,23,23,23,22,22,38.42,0,3.2,3.2,3.2,2.2,2.2,3.2,3.2,3.2,3.2,3.21,3.2,3.2,3.2,3.2,0,8830993,3.21,3.2,100.0,100,-90.2,23,22,3,22,22,22,23,23,22,22,38.42,0,3.2,3.2,3.2,2.2,2.2,3.2,3.2,3.2,3.2,3.2,3.2,3.2,3.2,3.2,0,8608361,3.2,3.2,100.0,100,False,False,False
10-02-2021,12:51:27,-92.80000000000001,23,22,67,22,22,23,23,23,22,22,38.42,0,3.2,3.2,3.2,2.2,2.2,3.2,3.2,3.2,3.2,3.2,3.2,3.2,3.2,3.2,0,8831270,3.2,3.2,100.0,100,-90.2,23,22,67,22,22,22,23,23,22,22,38.42,0,3.2,3.2,3.2,2.2,2.2,3.2,3.2,3.2,3.2,3.2,3.2,3.2,3.2,3.2,0,8608630,3.2,3.2,100.0,100,False,False,False
10-02-2021,12:51:30,-92.80000000000001,23,22,3,22,22,23,23,23,22,22,38.43,0,3.2,3.2,3.2,2.2,2.2,3.2,3.2,3.2,3.2,3.21,3.2,3.2,3.2,3.2,0,8831546,3.21,3.2,100.0,100,-90.2,23,22,3,22,22,22,23,23,22,22,38.42,0,3.2,3.2,3.2,2.2,2.2,3.2,3.2,3.2,3.2,3.2,3.2,3.2,3.2,3.2,0,8608899,3.2,3.2,100.0,100,False,False,False
10-02-2021,12:51:33,-92.80000000000001,23,22,67,22,22,23,23,23,22,22,38.43,0,3.2,3.2,3.2,2.2,2.2,3.2,3.2,3.2,3.2,3.21,3.2,3.2,3.2,3.2,0,8831823,3.21,3.2,100.0,100,-90.30000000000001,23,22,67,22,22,22,23,23,22,22,38.410000000000004,0,3.2,3.2,3.2,2.2,2.2,3.2,3.2,3.2,3.2,3.2,3.2,3.2,3.2,3.2,0,8609167,3.2,3.2,100.0,100,False,False,False
10-02-2021,12:51:36,-92.80000000000001,23,22,3,22,22,23,23,23,22,22,38.43,0,3.2,3.2,3.2,2.2,2.2,3.2,3.2,3.2,3.2,3.21,3.2,3.2,3.2,3.2,0,8832099,3.21,3.2,100.0,100,-90.2,23,22,3,22,22,22,23,23,22,22,38.42,0,3.2,3.2,3.2,2.2,2.2,3.2,3.2,3.2,3.2,3.2,3.2,3.2,3.2,3.2,0,8609435,3.2,3.2,100.0,100,False,False,False
10-02-2021,12:51:39,-92.80000000000001,23,22,67,22,22,23,23,23,22,22,38.42,0,3.2,3.2,3.2,2.2,2.2,3.2,3.2,3.2,3.2,3.2,3.2,3.2,3.2,3.2,0,8832468,3.2,3.2,100.0,100,-90.2,23,22,67,22,22,22,23,23,22,22,38.42,0,3.2,3.2,3.2,2.2,2.2,3.2,3.2,3.2,3.2,3.2,3.2,3.2,3.2,3.2,0,8609704,3.2,3.2,100.0,100,False,False,False
10-02-2021,12:51:42,-92.9,23,22,3,22,22,23,23,23,22,22,38.42,0,3.2,3.2,3.2,2.2,2.2,3.2,3.2,3.2,3.2,3.2,3.2,3.2,3.2,3.2,0,8832745,3.2,3.2,100.0,100,-90.30000000000001,23,22,3,22,22,22,23,23,22,22,38.42,0,3.2,3.2,3.2,2.2,2.2,3.2,3.2,3.2,3.2,3.2,3.2,3.2,3.2,3.2,0,8609973,3.2,3.2,100.0,100,False,False,False
10-02-2021,12:51:45,-92.80000000000001,23,22,67,22,22,23,23,23,22,22,38.43,0,3.2,3.2,3.2,2.2,2.2,3.2,3.2,3.2,3.2,3.2,3.2,3.2,3.2,3.2,0,8833022,3.2,3.2,100.0,100,-90.2,23,22,67,22,22,22,23,23,22,22,38.42,0,3.2,3.2,3.2,2.2,2.2,3.2,3.2,3.2,3.2,3.2,3.2,3.2,3.2,3.2,0,8610241,3.2,3.2,100.0,100,False,False,False
10-02-2021,12:51:48,-92.80000000000001,23,22,3,22,22,23,23,23,22,22,38.42,0,3.2,3.2,3.2,2.2,2.2,3.2,3.2,3.2,3.2,3.2,3.2,3.2,3.2,3.2,0,8833299,3.2,3.2,100.0,100,-90.30000000000001,23,22,3,22,22,22,23,23,22,22,38.410000000000004,0,3.2,3.2,3.2,2.2,2.2,3.2,3.2,3.2,3.2,3.2,3.2,3.2,3.2,3.2,0,8610510,3.2,3.2,100.0,100,False,False,False
10-02-2021,12:51:51,-92.9,23,22,67,22,22,23,23,23,22,22,38.42,0,3.2,3.2,3.2,2.2,2.2,3.2,3.2,3.2,3.2,3.2,3.2,3.2,3.2,3.2,0,8833483,3.2,3.2,100.0,100,-90.30000000000001,23,22,67,22,22,22,23,23,22,22,38.410000000000004,0,3.2,3.2,3.2,2.2,2.2,3.2,3.2,3.2,3.2,3.2,3.2,3.2,3.2,3.2,0,8610778,3.2,3.2,100.0,100,False,False,False
10-02-2021,12:51:54,-92.80000000000001,23,22,3,22,22,23,23,23,22,22,38.42,0,3.2,3.2,3.2,2.2,2.2,3.2,3.2,3.2,3.2,3.2,3.2,3.2,3.2,3.2,0,8833852,3.2,3.2,100.0,100,-90.10000000000001,23,22,3,22,22,22,23,23,22,22,38.410000000000004,0,3.2,3.2,3.2,2.2,2.2,3.2,3.2,3.2,3.2,3.2,3.2,3.2,3.2,3.2,0,8611047,3.2,3.2,100.0,100,False,False,False
10-02-2021,12:51:57,-92.80000000000001,23,22,67,22,22,23,23,23,22,22,38.43,0,3.2,3.2,3.2,2.2,2.2,3.2,3.2,3.2,3.2,3.21,3.2,3.2,3.2,3.2,0,8834129,3.21,3.2,100.0,100,-90.2,23,22,67,22,22,22,23,23,22,22,38.42,0,3.2,3.2,3.2,2.2,2.2,3.2,3.2,3.2,3.2,3.2,3.2,3.2,3.2,3.2,0,8611316,3.2,3.2,100.0,100,False,False,False
10-02-2021,12:52:00,-92.9,23,22,3,22,22,23,23,23,22,22,38.42,0,3.2,3.2,3.2,2.2,2.2,3.2,3.2,3.2,3.2,3.2,3.2,3.2,3.2,3.2,0,8834406,3.2,3.2,100.0,100,-90.10000000000001,23,22,3,22,22,22,23,23,22,22,38.42,0,3.2,3.2,3.2,2.2,2.2,3.2,3.2,3.2,3.2,3.2,3.2,3.2,3.2,3.2,0,8611584,3.2,3.2,100.0,100,False,False,False
10-02-2021,12:52:03,-92.9,23,22,67,22,22,23,23,23,22,22,38.42,0,3.2,3.2,3.2,2.2,2.2,3.2,3.2,3.2,3.2,3.2,3.2,3.2,3.2,3.2,0,8834683,3.2,3.2,100.0,100,-90.2,23,22,67,22,22,22,23,23,22,22,38.42,0,3.2,3.2,3.2,2.2,2.2,3.2,3.2,3.2,3.2,3.2,3.2,3.2,3.2,3.2,0,8611852,3.2,3.2,100.0,100,False,False,False
10-02-2021,12:52:06,-92.80000000000001,23,22,3,22,22,23,23,23,22,22,38.42,0,3.2,3.2,3.2,2.2,2.2,3.2,3.2,3.2,3.2,3.2,3.2,3.2,3.2,3.2,0,8834960,3.2,3.2,100.0,100,-90.2,23,22,3,22,22,22,23,23,22,22,38.42,0,3.2,3.2,3.2,2.2,2.2,3.2,3.2,3.2,3.2,3.2,3.2,3.2,3.2,3.2,0,8612121,3.2,3.2,100.0,100,False,False,False
10-02-2021,12:52:09,-92.9,23,22,67,22,22,23,23,23,22,22,38.42,0,3.2,3.2,3.2,2.2,2.2,3.2,3.2,3.2,3.2,3.21,3.2,3.2,3.2,3.2,0,8835237,3.21,3.2,100.0,100,-90.2,23,22,67,22,22,22,23,23,22,22,38.42,0,3.2,3.2,3.2,2.2,2.2,3.2,3.2,3.2,3.2,3.2,3.2,3.2,3.2,3.2,0,8612390,3.2,3.2,100.0,100,False,False,False
10-02-2021,12:52:12,-92.80000000000001,23,22,3,22,22,23,23,23,22,22,38.43,0,3.2,3.2,3.2,2.2,2.2,3.2,3.2,3.2,3.2,3.21,3.2,3.2,3.2,3.2,0,8835514,3.21,3.2,100.0,100,-90.10000000000001,23,22,3,22,22,22,23,23,22,22,38.42,0,3.2,3.2,3.2,2.2,2.2,3.2,3.2,3.2,3.2,3.2,3.2,3.2,3.2,3.2,0,8612658,3.2,3.2,100.0,100,False,False,False
10-02-2021,12:52:15,-92.80000000000001,23,22,67,22,22,23,23,23,22,22,38.42,0,3.2,3.2,3.2,2.2,2.2,3.2,3.2,3.2,3.2,3.2,3.2,3.2,3.2,3.2,0,8835791,3.2,3.2,100.0,100,-90.30000000000001,23,22,67,22,22,22,23,23,22,22,38.42,0,3.2,3.2,3.2,2.2,2.2,3.2,3.2,3.2,3.2,3.2,3.2,3.2,3.2,3.2,0,8612927,3.2,3.2,100.0,100,False,False,False
10-02-2021,12:52:18,-92.80000000000001,23,22,3,22,22,23,23,23,22,22,38.42,0,3.2,3.2,3.2,2.2,2.2,3.2,3.2,3.2,3.2,3.2,3.2,3.2,3.2,3.2,0,8836068,3.2,3.2,100.0,100,-90.2,23,22,3,22,22,22,23,23,22,22,38.42,0,3.2,3.2,3.2,2.2,2.2,3.2,3.2,3.2,3.2,3.2,3.2,3.2,3.2,3.2,0,8613195,3.2,3.2,100.0,100,False,False,False
10-02-2021,12:52:21,-92.80000000000001,23,22,67,22,22,23,23,23,22,22,38.43,0,3.2,3.2,3.2,2.2,2.2,3.2,3.2,3.2,3.2,3.2,3.2,3.2,3.2,3.2,0,8836345,3.2,3.2,100.0,100,-90.2,23,22,67,22,22,22,23,23,22,22,38.410000000000004,0,3.2,3.2,3.2,2.2,2.2,3.2,3.2,3.2,3.2,3.2,3.2,3.2,3.2,3.2,0,8613464,3.2,3.2,100.0,100,False,False,False
10-02-2021,12:52:24,-92.80000000000001,23,22,3,22,22,23,23,23,22,22,38.42,0,3.2,3.2,3.2,2.2,2.2,3.2,3.2,3.2,3.2,3.2,3.2,3.2,3.2,3.2,0,8836622,3.2,3.2,100.0,100,-90.30000000000001,23,22,3,22,22,22,23,23,22,22,38.410000000000004,0,3.2,3.2,3.2,2.2,2.2,3.2,3.2,3.2,3.2,3.2,3.2,3.2,3.2,3.2,0,8613733,3.2,3.2,100.0,100,False,False,False
10-02-2021,12:52:27,-92.80000000000001,23,22,67,22,22,23,23,23,22,22,38.42,0,3.2,3.2,3.2,2.2,2.2,3.2,3.2,3.2,3.2,3.2,3.2,3.2,3.2,3.2,0,8836899,3.2,3.2,100.0,100,-90.2,23,22,67,22,22,22,23,23,22,22,38.410000000000004,0,3.2,3.2,3.2,2.2,2.2,3.2,3.2,3.2,3.2,3.2,3.2,3.2,3.2,3.2,0,8614001,3.2,3.2,100.0,100,False,False,False
10-02-2021,12:52:30,-92.9,23,22,3,22,22,23,23,23,22,22,38.42,0,3.2,3.2,3.2,2.2,2.2,3.2,3.2,3.2,3.2,3.21,3.2,3.2,3.2,3.2,0,8837176,3.21,3.2,100.0,100,-90.2,23,22,3,22,22,22,23,23,22,22,38.410000000000004,0,3.2,3.2,3.2,2.2,2.2,3.2,3.2,3.2,3.2,3.2,3.2,3.2,3.2,3.2,0,8614269,3.2,3.2,100.0,100,False,False,False
10-02-2021,12:52:33,-92.9,23,22,67,22,22,23,23,23,22,22,38.42,0,3.2,3.2,3.2,2.2,2.2,3.2,3.2,3.2,3.2,3.2,3.2,3.2,3.2,3.2,0,8837453,3.2,3.2,100.0,100,-90.30000000000001,23,22,67,22,22,22,23,23,22,22,38.410000000000004,0,3.2,3.2,3.2,2.2,2.2,3.2,3.2,3.2,3.2,3.2,3.2,3.2,3.2,3.2,0,8614538,3.2,3.2,100.0,100,False,False,False
10-02-2021,12:52:36,-92.80000000000001,23,22,3,22,22,23,23,23,22,22,38.42,0,3.2,3.2,3.2,2.2,2.2,3.2,3.2,3.2,3.2,3.2,3.2,3.2,3.2,3.2,0,8837730,3.2,3.2,100.0,100,-90.30000000000001,23,22,3,22,22,22,23,23,22,22,38.42,0,3.2,3.2,3.2,2.2,2.2,3.2,3.2,3.2,3.2,3.2,3.2,3.2,3.2,3.2,0,8614807,3.2,3.2,100.0,100,False,False,False
10-02-2021,12:52:39,-92.80000000000001,23,22,67,22,22,23,23,23,22,22,38.42,0,3.2,3.2,3.2,2.2,2.2,3.2,3.2,3.2,3.2,3.21,3.2,3.2,3.2,3.2,0,8838007,3.21,3.2,100.0,100,-90.2,23,22,67,22,22,22,23,23,22,22,38.42,0,3.2,3.2,3.2,2.2,2.2,3.2,3.2,3.2,3.2,3.2,3.2,3.2,3.2,3.2,0,8615075,3.2,3.2,100.0,100,False,False,False
10-02-2021,12:52:42,-92.80000000000001,23,22,3,22,22,23,23,23,22,22,38.43,0,3.2,3.2,3.2,2.2,2.2,3.2,3.2,3.2,3.2,3.2,3.2,3.2,3.2,3.2,0,8838284,3.2,3.2,100.0,100,-90.30000000000001,23,22,3,22,22,22,23,23,22,22,38.410000000000004,0,3.2,3.2,3.2,2.2,2.2,3.2,3.2,3.2,3.2,3.2,3.2,3.2,3.2,3.2,0,8615344,3.2,3.2,100.0,100,False,False,False
10-02-2021,12:52:45,-92.80000000000001,23,22,67,22,22,23,23,23,22,22,38.42,0,3.2,3.2,3.2,2.2,2.2,3.2,3.2,3.2,3.2,3.2,3.2,3.2,3.2,3.2,0,8838562,3.2,3.2,100.0,100,-90.30000000000001,23,22,67,22,22,22,23,23,22,22,38.410000000000004,0,3.2,3.2,3.2,2.2,2.2,3.2,3.2,3.2,3.2,3.2,3.2,3.2,3.2,3.2,0,8615613,3.2,3.2,100.0,100,False,False,False
10-02-2021,12:52:48,-92.80000000000001,23,22,3,22,22,23,23,23,22,22,38.42,0,3.2,3.2,3.2,2.2,2.2,3.2,3.2,3.2,3.2,3.2,3.2,3.2,3.2,3.2,0,8838746,3.2,3.2,100.0,100,-90.2,23,22,3,22,22,22,23,23,22,22,38.410000000000004,0,3.2,3.2,3.2,2.2,2.2,3.2,3.2,3.2,3.2,3.2,3.2,3.2,3.2,3.2,0,8615881,3.2,3.2,100.0,100,False,False,False
10-02-2021,12:52:51,-92.80000000000001,23,22,67,22,22,23,23,23,22,22,38.42,0,3.2,3.2,3.2,2.2,2.2,3.2,3.2,3.2,3.2,3.21,3.2,3.2,3.2,3.2,0,8839023,3.21,3.2,100.0,100,-90.30000000000001,23,22,67,22,22,22,23,23,22,22,38.410000000000004,0,3.2,3.2,3.2,2.2,2.2,3.2,3.2,3.2,3.2,3.2,3.2,3.2,3.2,3.2,0,8616149,3.2,3.2,100.0,100,False,False,False
10-02-2021,12:52:54,-92.9,23,22,3,22,22,23,23,23,22,22,38.42,0,3.2,3.2,3.2,2.2,2.2,3.2,3.2,3.2,3.2,3.2,3.2,3.2,3.2,3.2,0,8839299,3.2,3.2,100.0,100,-90.2,23,22,3,22,22,22,23,23,22,22,38.410000000000004,0,3.2,3.2,3.2,2.2,2.2,3.2,3.2,3.2,3.2,3.2,3.2,3.2,3.2,3.2,0,8616418,3.2,3.2,100.0,100,False,False,False
10-02-2021,12:52:57,-92.80000000000001,23,22,67,22,22,23,23,23,22,22,38.42,0,3.2,3.2,3.2,2.2,2.2,3.2,3.2,3.2,3.2,3.2,3.2,3.2,3.2,3.2,0,8839668,3.2,3.2,100.0,100,-90.30000000000001,23,22,67,22,22,22,23,23,22,22,38.410000000000004,0,3.2,3.2,3.2,2.2,2.2,3.2,3.2,3.2,3.2,3.2,3.2,3.2,3.2,3.2,0,8616687,3.2,3.2,100.0,100,False,False,False
10-02-2021,12:53:00,-92.80000000000001,23,22,3,22,22,23,23,23,22,22,38.42,0,3.2,3.2,3.2,2.2,2.2,3.2,3.2,3.2,3.2,3.2,3.2,3.2,3.2,3.2,0,8839945,3.2,3.2,100.0,100,-90.2,23,22,3,22,22,22,23,23,22,22,38.410000000000004,0,3.2,3.2,3.2,2.2,2.2,3.2,3.2,3.2,3.2,3.2,3.2,3.2,3.2,3.2,0,8616955,3.2,3.2,100.0,100,False,False,False
10-02-2021,12:53:03,-92.9,23,22,67,22,22,23,23,23,22,22,38.42,0,3.2,3.2,3.2,2.2,2.2,3.2,3.2,3.2,3.2,3.2,3.2,3.2,3.2,3.2,0,8840222,3.2,3.2,100.0,100,-90.2,23,22,67,22,22,22,23,23,22,22,38.42,0,3.2,3.2,3.2,2.2,2.2,3.2,3.2,3.2,3.2,3.2,3.2,3.2,3.2,3.2,0,8617224,3.2,3.2,100.0,100,False,False,False
10-02-2021,12:53:06,-92.80000000000001,23,22,3,22,22,23,23,23,22,22,38.42,0,3.2,3.2,3.2,2.2,2.2,3.2,3.2,3.2,3.2,3.2,3.2,3.2,3.2,3.2,0,8840498,3.2,3.2,100.0,100,-90.2,23,22,3,22,22,22,23,23,22,22,38.410000000000004,0,3.2,3.2,3.2,2.2,2.2,3.2,3.2,3.2,3.2,3.2,3.2,3.2,3.2,3.2,0,8617493,3.2,3.2,100.0,100,False,False,False
10-02-2021,12:53:08,-92.80000000000001,23,22,67,22,22,23,23,23,22,22,38.42,0,3.2,3.2,3.2,2.2,2.2,3.2,3.2,3.2,3.2,3.2,3.2,3.2,3.2,3.2,0,8840682,3.2,3.2,100.0,100,-90.2,23,22,67,22,22,22,23,23,22,22,38.410000000000004,0,3.2,3.2,3.2,2.2,2.2,3.2,3.2,3.2,3.2,3.2,3.2,3.2,3.2,3.2,0,8617761,3.2,3.2,100.0,100,False,False,False
10-02-2021,12:53:11,-92.80000000000001,23,22,3,22,22,23,23,23,22,22,38.42,0,3.2,3.2,3.2,2.2,2.2,3.2,3.2,3.2,3.2,3.2,3.2,3.2,3.2,3.2,0,8840959,3.2,3.2,100.0,100,-90.30000000000001,23,22,3,22,22,22,23,23,22,22,38.410000000000004,0,3.2,3.2,3.2,2.2,2.2,3.2,3.2,3.2,3.2,3.2,3.2,3.2,3.2,3.2,0,8618030,3.2,3.2,100.0,100,False,False,False
10-02-2021,12:53:14,-92.9,23,22,67,22,22,23,23,23,22,22,38.42,0,3.2,3.2,3.2,2.2,2.2,3.2,3.2,3.2,3.2,3.2,3.2,3.2,3.2,3.2,0,8841236,3.2,3.2,100.0,100,-90.30000000000001,23,22,67,22,22,22,23,23,22,22,38.410000000000004,0,3.2,3.2,3.2,2.2,2.2,3.2,3.2,3.2,3.2,3.2,3.2,3.2,3.2,3.2,0,8618299,3.2,3.2,100.0,100,False,False,False
10-02-2021,12:53:17,-92.80000000000001,23,22,3,22,22,23,23,23,22,22,38.42,0,3.2,3.2,3.2,2.2,2.2,3.2,3.2,3.2,3.2,3.2,3.2,3.2,3.2,3.2,0,8841512,3.2,3.2,100.0,100,-90.2,23,22,3,22,22,22,23,23,22,22,38.410000000000004,0,3.2,3.2,3.2,2.2,2.2,3.2,3.2,3.2,3.2,3.2,3.2,3.2,3.2,3.2,0,8618568,3.2,3.2,100.0,100,False,False,False
10-02-2021,12:53:20,-92.80000000000001,23,22,67,22,22,23,23,23,22,22,38.42,0,3.2,3.2,3.2,2.2,2.2,3.2,3.2,3.2,3.2,3.2,3.2,3.2,3.2,3.2,0,8841789,3.2,3.2,100.0,100,-90.2,23,22,67,22,22,22,23,23,22,22,38.410000000000004,0,3.2,3.2,3.2,2.2,2.2,3.2,3.2,3.2,3.2,3.2,3.2,3.2,3.2,3.2,0,8618836,3.2,3.2,100.0,100,False,False,False
10-02-2021,12:53:23,-92.9,23,22,3,22,22,23,23,23,22,22,38.42,0,3.2,3.2,3.2,2.2,2.2,3.2,3.2,3.2,3.2,3.2,3.2,3.2,3.2,3.2,0,8842066,3.2,3.2,100.0,100,-90.2,23,22,3,22,22,22,23,23,22,22,38.410000000000004,0,3.2,3.2,3.2,2.2,2.2,3.2,3.2,3.2,3.2,3.2,3.2,3.2,3.2,3.2,0,8619105,3.2,3.2,100.0,100,False,False,False
10-02-2021,12:53:26,-92.9,23,22,67,22,22,23,23,23,22,22,38.42,0,3.2,3.2,3.2,2.2,2.2,3.2,3.2,3.2,3.2,3.2,3.2,3.2,3.2,3.2,0,8842342,3.2,3.2,100.0,100,-90.30000000000001,23,22,67,22,22,22,23,23,22,22,38.410000000000004,0,3.2,3.2,3.2,2.2,2.2,3.2,3.2,3.2,3.2,3.2,3.2,3.2,3.2,3.2,0,8619373,3.2,3.2,100.0,100,False,False,False
10-02-2021,12:53:29,-92.80000000000001,23,22,3,22,22,23,23,23,22,22,38.42,0,3.2,3.2,3.2,2.2,2.2,3.2,3.2,3.2,3.2,3.2,3.2,3.2,3.2,3.2,0,8842619,3.2,3.2,100.0,100,-90.30000000000001,23,22,3,22,22,22,23,23,22,22,38.410000000000004,0,3.2,3.2,3.2,2.2,2.2,3.2,3.2,3.2,3.2,3.2,3.2,3.2,3.2,3.2,0,8619642,3.2,3.2,100.0,100,False,False,False
10-02-2021,12:53:32,-92.80000000000001,23,22,67,22,22,23,23,23,22,22,38.42,0,3.2,3.2,3.2,2.2,2.2,3.2,3.2,3.2,3.2,3.2,3.2,3.2,3.2,3.2,0,8842895,3.2,3.2,100.0,100,-90.30000000000001,23,22,67,22,22,22,23,23,22,22,38.410000000000004,0,3.2,3.2,3.2,2.2,2.2,3.2,3.2,3.2,3.2,3.2,3.2,3.2,3.2,3.2,0,8619911,3.2,3.2,100.0,100,False,False,False
10-02-2021,12:53:35,-92.9,23,22,3,22,22,23,23,23,22,22,38.42,0,3.2,3.2,3.2,2.2,2.2,3.2,3.2,3.2,3.2,3.2,3.2,3.2,3.2,3.2,0,8843172,3.2,3.2,100.0,100,-90.2,23,22,3,22,22,22,23,23,22,22,38.410000000000004,0,3.2,3.2,3.2,2.2,2.2,3.2,3.2,3.2,3.2,3.2,3.2,3.2,3.2,3.2,0,8620180,3.2,3.2,100.0,100,False,False,False
10-02-2021,12:53:37,-92.80000000000001,23,22,67,22,22,23,23,23,22,22,38.42,0,3.2,3.2,3.2,2.2,2.2,3.2,3.2,3.2,3.2,3.2,3.2,3.2,3.2,3.2,0,8843448,3.2,3.2,100.0,100,-90.2,23,22,67,22,22,22,23,23,22,22,38.410000000000004,0,3.2,3.2,3.2,2.2,2.2,3.2,3.2,3.2,3.2,3.2,3.2,3.2,3.2,3.2,0,8620359,3.2,3.2,100.0,100,False,False,False
10-02-2021,12:53:40,-92.80000000000001,23,22,3,22,22,23,23,23,22,22,38.42,0,3.2,3.2,3.2,2.2,2.2,3.2,3.2,3.2,3.2,3.2,3.2,3.2,3.2,3.2,0,8843725,3.2,3.2,100.0,100,-90.2,23,22,3,22,22,22,23,23,22,22,38.410000000000004,0,3.2,3.2,3.2,2.2,2.2,3.2,3.2,3.2,3.2,3.2,3.2,3.2,3.2,3.2,0,8620628,3.2,3.2,100.0,100,False,False,False
10-02-2021,12:53:43,-92.9,23,22,67,22,22,23,23,23,22,22,38.42,0,3.2,3.2,3.2,2.2,2.2,3.2,3.2,3.2,3.2,3.2,3.2,3.2,3.2,3.2,0,8843909,3.2,3.2,100.0,100,-90.30000000000001,23,22,67,22,22,22,23,23,22,22,38.410000000000004,0,3.2,3.2,3.2,2.2,2.2,3.2,3.2,3.2,3.2,3.2,3.2,3.2,3.2,3.2,0,8620896,3.2,3.2,100.0,100,False,False,False
10-02-2021,12:53:46,-92.80000000000001,23,22,3,22,22,23,23,23,22,22,38.42,0,3.2,3.2,3.2,2.2,2.2,3.2,3.2,3.2,3.2,3.2,3.2,3.2,3.2,3.2,0,8844186,3.2,3.2,100.0,100,-90.2,23,22,3,22,22,22,23,23,22,22,38.410000000000004,0,3.2,3.2,3.2,2.2,2.2,3.2,3.2,3.2,3.2,3.2,3.2,3.2,3.2,3.2,0,8621165,3.2,3.2,100.0,100,False,False,False
10-02-2021,12:53:48,-92.9,23,22,67,22,22,23,23,23,22,22,38.42,0,3.2,3.2,3.2,2.2,2.2,3.2,3.2,3.2,3.2,3.2,3.2,3.2,3.2,3.2,0,8844462,3.2,3.2,100.0,100,-90.30000000000001,23,22,67,22,22,22,23,23,22,22,38.410000000000004,0,3.2,3.2,3.2,2.2,2.2,3.2,3.2,3.2,3.2,3.2,3.2,3.2,3.2,3.2,0,8621344,3.2,3.2,100.0,100,False,False,False
10-02-2021,12:53:51,-92.80000000000001,23,22,3,22,22,23,23,23,22,22,38.42,0,3.2,3.2,3.2,2.2,2.2,3.2,3.2,3.2,3.2,3.2,3.2,3.2,3.2,3.2,0,8844739,3.2,3.2,100.0,100,-90.2,23,22,3,22,22,22,23,23,22,22,38.410000000000004,0,3.2,3.2,3.2,2.2,2.2,3.2,3.2,3.2,3.2,3.2,3.2,3.2,3.2,3.2,0,8621613,3.2,3.2,100.0,100,False,False,False
10-02-2021,12:53:54,-92.80000000000001,23,22,67,22,22,23,23,23,22,22,38.42,0,3.2,3.2,3.2,2.2,2.2,3.2,3.2,3.2,3.2,3.2,3.2,3.2,3.2,3.2,0,8844924,3.2,3.2,100.0,100,-90.2,23,22,67,22,22,22,23,23,22,22,38.410000000000004,0,3.2,3.2,3.2,2.2,2.2,3.2,3.2,3.2,3.2,3.2,3.2,3.2,3.2,3.2,0,8621881,3.2,3.2,100.0,100,False,False,False
10-02-2021,12:53:57,-92.80000000000001,23,22,3,22,22,23,23,23,22,22,38.42,0,3.2,3.2,3.2,2.2,2.2,3.2,3.2,3.2,3.2,3.2,3.2,3.2,3.2,3.2,0,8845200,3.2,3.2,100.0,100,-90.2,23,22,3,22,22,22,23,23,22,22,38.410000000000004,0,3.2,3.2,3.2,2.2,2.2,3.2,3.2,3.2,3.2,3.2,3.2,3.2,3.2,3.2,0,8622060,3.2,3.2,100.0,100,False,False,False
10-02-2021,12:53:59,-92.80000000000001,23,22,67,22,22,23,23,23,22,22,38.42,0,3.2,3.2,3.2,2.2,2.2,3.2,3.2,3.2,3.2,3.2,3.2,3.2,3.2,3.2,0,8845477,3.2,3.2,100.0,100,-90.30000000000001,23,22,67,22,22,22,23,23,22,22,38.410000000000004,0,3.2,3.2,3.2,2.2,2.2,3.2,3.2,3.2,3.2,3.2,3.2,3.2,3.2,3.2,0,8622329,3.2,3.2,100.0,100,False,False,False
10-02-2021,12:54:02,-92.80000000000001,23,22,3,22,22,23,23,23,22,22,38.42,0,3.2,3.2,3.2,2.2,2.2,3.2,3.2,3.2,3.2,3.2,3.2,3.2,3.2,3.2,0,8845753,3.2,3.2,100.0,100,-90.30000000000001,23,22,3,22,22,22,23,23,22,22,38.410000000000004,0,3.2,3.2,3.2,2.2,2.2,3.2,3.2,3.2,3.2,3.2,3.2,3.2,3.2,3.2,0,8622597,3.2,3.2,100.0,100,False,False,False
10-02-2021,12:54:05,-92.80000000000001,23,22,67,22,22,23,23,23,22,22,38.42,0,3.2,3.2,3.2,2.2,2.2,3.2,3.2,3.2,3.2,3.2,3.2,3.2,3.2,3.2,0,8845938,3.2,3.2,100.0,100,-90.2,23,22,67,22,22,22,23,23,22,22,38.410000000000004,0,3.2,3.2,3.2,2.2,2.2,3.2,3.2,3.2,3.2,3.2,3.2,3.2,3.2,3.2,0,8622866,3.2,3.2,100.0,100,False,False,False
10-02-2021,12:54:08,-92.9,23,22,3,22,22,23,23,23,22,22,38.42,0,3.2,3.2,3.2,2.2,2.2,3.2,3.2,3.2,3.2,3.2,3.2,3.2,3.2,3.2,0,8846214,3.2,3.2,100.0,100,-90.2,23,22,3,22,22,22,23,23,22,22,38.410000000000004,0,3.2,3.2,3.2,2.2,2.2,3.2,3.2,3.2,3.2,3.2,3.2,3.2,3.2,3.2,0,8623045,3.2,3.2,100.0,100,False,False,False
10-02-2021,12:54:10,-92.9,23,22,67,22,22,23,23,23,22,22,38.42,0,3.2,3.2,3.2,2.2,2.2,3.2,3.2,3.2,3.2,3.2,3.2,3.2,3.2,3.2,0,8846491,3.2,3.2,100.0,100,-90.30000000000001,23,22,67,22,22,22,23,23,22,22,38.410000000000004,0,3.2,3.2,3.2,2.2,2.2,3.2,3.2,3.2,3.2,3.2,3.2,3.2,3.2,3.2,0,8623314,3.2,3.2,100.0,100,False,False,False
10-02-2021,12:54:13,-92.80000000000001,23,22,3,22,22,23,23,23,22,22,38.42,0,3.2,3.2,3.2,2.2,2.2,3.2,3.2,3.2,3.2,3.2,3.2,3.2,3.2,3.2,0,8846767,3.2,3.2,100.0,100,-90.2,23,22,3,22,22,22,23,23,22,22,38.410000000000004,0,3.2,3.2,3.2,2.2,2.2,3.2,3.2,3.2,3.2,3.2,3.2,3.2,3.2,3.2,0,8623582,3.2,3.2,100.0,100,False,False,False
10-02-2021,12:54:16,-92.9,23,22,67,22,22,23,23,23,22,22,38.42,0,3.2,3.2,3.2,2.2,2.2,3.2,3.2,3.2,3.2,3.2,3.2,3.2,3.2,3.2,0,8846952,3.2,3.2,100.0,100,-90.2,23,22,67,22,22,22,23,23,22,22,38.410000000000004,0,3.2,3.2,3.2,2.2,2.2,3.2,3.2,3.2,3.2,3.2,3.2,3.2,3.2,3.2,0,8623851,3.2,3.2,100.0,100,False,False,False
10-02-2021,12:54:19,-92.80000000000001,23,22,3,22,22,23,23,23,22,22,38.42,0,3.2,3.2,3.2,2.2,2.2,3.2,3.2,3.2,3.2,3.2,3.2,3.2,3.2,3.2,0,8847228,3.2,3.2,100.0,100,-90.30000000000001,23,22,3,22,22,22,23,23,22,22,38.410000000000004,0,3.2,3.2,3.2,2.2,2.2,3.2,3.2,3.2,3.2,3.2,3.2,3.2,3.2,3.2,0,8624119,3.2,3.2,100.0,100,False,False,False
10-02-2021,12:54:21,-92.80000000000001,23,22,67,22,22,23,23,23,22,22,38.42,0,3.2,3.2,3.2,2.2,2.2,3.2,3.2,3.2,3.2,3.2,3.2,3.2,3.2,3.2,0,8847505,3.2,3.2,100.0,100,-90.2,23,22,67,22,22,22,23,23,22,22,38.410000000000004,0,3.2,3.2,3.2,2.2,2.2,3.2,3.2,3.2,3.2,3.2,3.2,3.2,3.2,3.2,0,8624299,3.2,3.2,100.0,100,False,False,False
10-02-2021,12:54:24,-92.80000000000001,23,22,3,22,22,23,23,23,22,22,38.42,0,3.2,3.2,3.2,2.2,2.2,3.2,3.2,3.2,3.2,3.2,3.2,3.2,3.2,3.2,0,8847781,3.2,3.2,100.0,100,-90.2,23,22,3,22,22,22,23,23,22,22,38.410000000000004,0,3.2,3.2,3.2,2.2,2.2,3.2,3.2,3.2,3.2,3.2,3.2,3.2,3.2,3.2,0,8624567,3.2,3.2,100.0,100,False,False,False
10-02-2021,12:54:27,-92.80000000000001,23,22,67,22,22,23,23,23,22,22,38.42,0,3.2,3.2,3.2,2.2,2.2,3.2,3.2,3.2,3.2,3.2,3.2,3.2,3.2,3.2,0,8847966,3.2,3.2,100.0,100,-90.2,23,22,67,22,22,22,23,23,22,22,38.410000000000004,0,3.2,3.2,3.2,2.2,2.2,3.2,3.2,3.2,3.2,3.2,3.2,3.2,3.2,3.2,0,8624836,3.2,3.2,100.0,100,False,False,False
10-02-2021,12:54:30,-92.80000000000001,23,22,3,22,22,23,23,23,22,22,38.42,0,3.2,3.2,3.2,2.2,2.2,3.2,3.2,3.2,3.2,3.2,3.2,3.2,3.2,3.2,0,8848243,3.2,3.2,100.0,100,-90.2,23,22,3,22,22,22,23,23,22,22,38.410000000000004,0,3.2,3.2,3.2,2.2,2.2,3.2,3.2,3.2,3.2,3.2,3.2,3.2,3.2,3.2,0,8625015,3.2,3.2,100.0,100,False,False,False
10-02-2021,12:54:32,-92.80000000000001,23,22,67,22,22,23,23,23,22,22,38.42,0,3.2,3.2,3.2,2.2,2.2,3.2,3.2,3.2,3.2,3.2,3.2,3.2,3.2,3.2,0,8848519,3.2,3.2,100.0,100,-90.2,23,22,67,22,22,22,23,23,22,22,38.410000000000004,0,3.2,3.2,3.2,2.2,2.2,3.2,3.2,3.2,3.2,3.2,3.2,3.2,3.2,3.2,0,8625283,3.2,3.2,100.0,100,False,False,False
10-02-2021,12:54:35,-92.80000000000001,23,22,3,22,22,23,23,23,22,22,38.42,0,3.2,3.2,3.2,2.2,2.2,3.2,3.2,3.2,3.2,3.2,3.2,3.2,3.2,3.2,0,8848796,3.2,3.2,100.0,100,-90.30000000000001,23,22,3,22,22,22,23,23,22,22,38.410000000000004,0,3.2,3.2,3.2,2.2,2.2,3.2,3.2,3.2,3.2,3.2,3.2,3.2,3.2,3.2,0,8625552,3.2,3.2,100.0,100,False,False,False
10-02-2021,12:54:38,-92.9,23,22,67,22,22,23,23,23,22,22,38.42,0,3.2,3.2,3.2,2.2,2.2,3.2,3.2,3.2,3.2,3.2,3.2,3.2,3.2,3.2,0,8848980,3.2,3.2,100.0,100,-90.2,23,22,67,22,22,22,23,23,22,22,38.410000000000004,0,3.2,3.2,3.2,2.2,2.2,3.2,3.2,3.2,3.2,3.2,3.2,3.2,3.2,3.2,0,8625820,3.2,3.2,100.0,100,False,False,False
10-02-2021,12:54:40,-92.80000000000001,23,22,3,22,22,23,23,23,22,22,38.42,0,3.2,3.2,3.2,2.2,2.2,3.2,3.2,3.2,3.2,3.2,3.2,3.2,3.2,3.2,0,8849257,3.2,3.2,100.0,100,-90.30000000000001,23,22,3,22,22,22,23,23,22,22,38.410000000000004,0,3.2,3.2,3.2,2.2,2.2,3.2,3.2,3.2,3.2,3.2,3.2,3.2,3.2,3.2,0,8625999,3.2,3.2,100.0,100,False,False,False
10-02-2021,12:54:43,-92.80000000000001,23,22,67,22,22,23,23,23,22,22,38.42,0,3.2,3.2,3.2,2.2,2.2,3.2,3.2,3.2,3.2,3.2,3.2,3.2,3.2,3.2,0,8849533,3.2,3.2,100.0,100,-90.2,23,22,67,22,22,22,23,23,22,22,38.410000000000004,0,3.2,3.2,3.2,2.2,2.2,3.2,3.2,3.2,3.2,3.2,3.2,3.2,3.2,3.2,0,8626268,3.2,3.2,100.0,100,False,False,False
10-02-2021,12:54:46,-92.80000000000001,23,22,3,22,22,23,23,23,22,22,38.42,0,3.2,3.2,3.2,2.2,2.2,3.2,3.2,3.2,3.2,3.2,3.2,3.2,3.2,3.2,0,8849810,3.2,3.2,100.0,100,-90.2,23,22,3,22,22,22,23,23,22,22,38.410000000000004,0,3.2,3.2,3.2,2.2,2.2,3.2,3.2,3.2,3.2,3.2,3.2,3.2,3.2,3.2,0,8626536,3.2,3.2,100.0,100,False,False,False
10-02-2021,12:54:49,-92.80000000000001,23,22,67,22,22,23,23,23,22,22,38.42,0,3.2,3.2,3.2,2.2,2.2,3.2,3.2,3.2,3.2,3.2,3.2,3.2,3.2,3.2,0,8849994,3.2,3.2,100.0,100,-90.2,23,22,67,22,22,22,23,23,22,22,38.410000000000004,0,3.2,3.2,3.2,2.2,2.2,3.2,3.2,3.2,3.2,3.2,3.2,3.2,3.2,3.2,0,8626805,3.2,3.2,100.0,100,False,False,False
10-02-2021,12:54:51,-92.80000000000001,23,22,3,22,22,23,23,23,22,22,38.42,0,3.2,3.2,3.2,2.2,2.2,3.2,3.2,3.2,3.2,3.2,3.2,3.2,3.2,3.2,0,8850271,3.2,3.2,100.0,100,-90.2,23,22,3,22,22,22,23,23,22,22,38.410000000000004,0,3.2,3.2,3.2,2.2,2.2,3.2,3.2,3.2,3.2,3.2,3.2,3.2,3.2,3.2,0,8626984,3.2,3.2,100.0,100,False,False,False
10-02-2021,12:54:54,-92.80000000000001,23,22,67,22,22,23,23,23,22,22,38.42,0,3.2,3.2,3.2,2.2,2.2,3.2,3.2,3.2,3.2,3.2,3.2,3.2,3.2,3.2,0,8850547,3.2,3.2,100.0,100,-90.2,23,22,67,22,22,22,23,23,22,22,38.410000000000004,0,3.2,3.2,3.2,2.2,2.2,3.2,3.2,3.2,3.2,3.2,3.2,3.2,3.2,3.2,0,8627253,3.2,3.2,100.0,100,False,False,False
10-02-2021,12:54:57,-92.9,23,22,3,22,22,23,23,23,22,22,38.42,0,3.2,3.2,3.2,2.2,2.2,3.2,3.2,3.2,3.2,3.2,3.2,3.2,3.2,3.2,0,8850824,3.2,3.2,100.0,100,-90.2,23,22,3,22,22,22,23,23,22,22,38.410000000000004,0,3.2,3.2,3.2,2.2,2.2,3.2,3.2,3.2,3.2,3.2,3.2,3.2,3.2,3.2,0,8627521,3.2,3.2,100.0,100,False,False,False
10-02-2021,12:55:00,-92.80000000000001,23,22,67,22,22,23,23,23,22,22,38.42,0,3.2,3.2,3.2,2.2,2.2,3.2,3.2,3.2,3.2,3.2,3.2,3.2,3.2,3.2,0,8851101,3.2,3.2,100.0,100,-90.2,23,22,67,22,22,22,23,23,22,22,38.410000000000004,0,3.2,3.2,3.2,2.2,2.2,3.2,3.2,3.2,3.2,3.2,3.2,3.2,3.2,3.2,0,8627790,3.2,3.2,100.0,100,False,False,False
10-02-2021,12:55:02,-92.80000000000001,23,22,3,22,22,23,23,23,22,22,38.42,0,3.2,3.2,3.2,2.2,2.2,3.2,3.2,3.2,3.2,3.2,3.2,3.2,3.2,3.2,0,8851285,3.2,3.2,100.0,100,-90.2,23,22,3,22,22,22,23,23,22,22,38.410000000000004,0,3.2,3.2,3.2,2.2,2.2,3.2,3.2,3.2,3.2,3.2,3.2,3.2,3.2,3.2,0,8628059,3.2,3.2,100.0,100,False,False,False
10-02-2021,12:55:05,-92.80000000000001,23,22,67,22,22,23,23,23,22,22,38.42,0,3.2,3.2,3.2,2.2,2.2,3.2,3.2,3.2,3.2,3.2,3.2,3.2,3.2,3.2,0,8851561,3.2,3.2,100.0,100,-90.2,23,22,67,22,22,22,23,23,22,22,38.410000000000004,0,3.2,3.2,3.2,2.2,2.2,3.2,3.2,3.2,3.2,3.2,3.2,3.2,3.2,3.2,0,8628238,3.2,3.2,100.0,100,False,False,False
10-02-2021,12:55:08,-92.9,23,22,3,22,22,23,23,23,22,22,38.42,0,3.2,3.2,3.2,2.2,2.2,3.2,3.2,3.2,3.2,3.2,3.2,3.2,3.2,3.2,0,8851838,3.2,3.2,100.0,100,-90.2,23,22,3,22,22,22,23,23,22,22,38.410000000000004,0,3.2,3.2,3.2,2.2,2.2,3.2,3.2,3.2,3.2,3.2,3.2,3.2,3.2,3.2,0,8628507,3.2,3.2,100.0,100,False,False,False
10-02-2021,12:55:11,-92.80000000000001,23,22,67,22,22,23,23,23,22,22,38.42,0,3.2,3.2,3.2,2.2,2.2,3.2,3.2,3.2,3.2,3.2,3.2,3.2,3.2,3.2,0,8852023,3.2,3.2,100.0,100,-90.2,23,22,67,22,22,22,23,23,22,22,38.410000000000004,0,3.2,3.2,3.2,2.2,2.2,3.2,3.2,3.2,3.2,3.2,3.2,3.2,3.2,3.2,0,8628775,3.2,3.2,100.0,100,False,False,False
10-02-2021,12:55:13,-92.80000000000001,23,22,3,22,22,23,23,23,22,22,38.42,0,3.2,3.2,3.2,2.2,2.2,3.2,3.2,3.2,3.2,3.2,3.2,3.2,3.2,3.2,0,8852299,3.2,3.2,100.0,100,-90.2,23,22,3,22,22,22,23,23,22,22,38.410000000000004,0,3.2,3.2,3.2,2.2,2.2,3.2,3.2,3.2,3.2,3.2,3.2,3.2,3.2,3.2,0,8628954,3.2,3.2,100.0,100,False,False,False
10-02-2021,12:55:16,-92.80000000000001,23,22,67,22,22,23,23,23,22,22,38.42,0,3.2,3.2,3.2,2.2,2.2,3.2,3.2,3.2,3.2,3.2,3.2,3.2,3.2,3.2,0,8852576,3.2,3.2,100.0,100,-90.2,23,22,67,22,22,22,23,23,22,22,38.410000000000004,0,3.2,3.2,3.2,2.2,2.2,3.2,3.2,3.2,3.2,3.2,3.2,3.2,3.2,3.2,0,8629223,3.2,3.2,100.0,100,False,False,False
10-02-2021,12:55:19,-92.80000000000001,23,22,3,22,22,23,23,23,22,22,38.42,0,3.2,3.2,3.2,2.2,2.2,3.2,3.2,3.2,3.2,3.2,3.2,3.2,3.2,3.2,0,8852853,3.2,3.2,100.0,100,-90.2,23,22,3,22,22,22,23,23,22,22,38.410000000000004,0,3.2,3.2,3.2,2.2,2.2,3.2,3.2,3.2,3.2,3.2,3.2,3.2,3.2,3.2,0,8629491,3.2,3.2,100.0,100,False,False,False
10-02-2021,12:55:21,-92.80000000000001,23,22,67,22,22,23,23,23,22,22,38.42,0,3.2,3.2,3.2,2.2,2.2,3.2,3.2,3.2,3.2,3.2,3.2,3.2,3.2,3.2,0,8853037,3.2,3.2,100.0,100,-90.30000000000001,23,22,67,22,22,22,23,23,22,22,38.410000000000004,0,3.2,3.2,3.2,2.2,2.2,3.2,3.2,3.2,3.2,3.2,3.2,3.2,3.2,3.2,0,8629760,3.2,3.2,100.0,100,False,False,False
10-02-2021,12:55:24,-92.80000000000001,23,22,3,22,22,23,23,23,22,22,38.42,0,3.2,3.2,3.2,2.2,2.2,3.2,3.2,3.2,3.2,3.2,3.2,3.2,3.2,3.2,0,8853314,3.2,3.2,100.0,100,-90.30000000000001,23,22,3,22,22,22,23,23,22,22,38.410000000000004,0,3.2,3.2,3.2,2.2,2.2,3.2,3.2,3.2,3.2,3.2,3.2,3.2,3.2,3.2,0,8629939,3.2,3.2,100.0,100,False,False,False
10-02-2021,12:55:27,-92.80000000000001,23,22,67,22,22,23,23,23,22,22,38.42,0,3.2,3.2,3.2,2.2,2.2,3.2,3.2,3.2,3.2,3.2,3.2,3.2,3.2,3.2,0,8853590,3.2,3.2,100.0,100,-90.2,23,22,67,22,22,22,23,23,22,22,38.410000000000004,0,3.2,3.2,3.2,2.2,2.2,3.2,3.2,3.2,3.2,3.2,3.2,3.2,3.2,3.2,0,8630207,3.2,3.2,100.0,100,False,False,False
10-02-2021,12:55:30,-92.9,23,22,3,22,22,23,23,23,22,22,38.42,0,3.2,3.2,3.2,2.2,2.2,3.2,3.2,3.2,3.2,3.2,3.2,3.2,3.2,3.2,0,8853867,3.2,3.2,100.0,100,-90.2,23,22,3,22,22,22,23,23,22,22,38.410000000000004,0,3.2,3.2,3.2,2.2,2.2,3.2,3.2,3.2,3.2,3.2,3.2,3.2,3.2,3.2,0,8630476,3.2,3.2,100.0,100,False,False,False
10-02-2021,12:55:32,-92.80000000000001,23,22,67,22,22,23,23,23,22,22,38.42,0,3.2,3.2,3.2,2.2,2.2,3.2,3.2,3.2,3.2,3.2,3.2,3.2,3.2,3.2,0,8854051,3.2,3.2,100.0,100,-90.2,23,22,67,22,22,22,23,23,22,22,38.410000000000004,0,3.2,3.2,3.2,2.2,2.2,3.2,3.2,3.2,3.2,3.2,3.2,3.2,3.2,3.2,0,8630745,3.2,3.2,100.0,100,False,False,False
10-02-2021,12:55:35,-92.80000000000001,23,22,3,22,22,23,23,23,22,22,38.42,0,3.2,3.2,3.2,2.2,2.2,3.2,3.2,3.2,3.2,3.2,3.2,3.2,3.2,3.2,0,8854328,3.2,3.2,100.0,100,-90.30000000000001,23,22,3,22,22,22,23,23,22,22,38.410000000000004,0,3.2,3.2,3.2,2.2,2.2,3.2,3.2,3.2,3.2,3.2,3.2,3.2,3.2,3.2,0,8630924,3.2,3.2,100.0,100,False,False,False
10-02-2021,12:55:38,-92.9,23,22,67,22,22,23,23,23,22,22,38.42,0,3.2,3.2,3.2,2.2,2.2,3.2,3.2,3.2,3.2,3.2,3.2,3.2,3.2,3.2,0,8854604,3.2,3.2,100.0,100,-90.30000000000001,23,22,67,22,22,22,23,23,22,22,38.410000000000004,0,3.2,3.2,3.2,2.2,2.2,3.2,3.2,3.2,3.2,3.2,3.2,3.2,3.2,3.2,0,8631192,3.2,3.2,100.0,100,False,False,False
10-02-2021,12:55:41,-92.80000000000001,23,22,3,22,22,23,23,23,22,22,38.42,0,3.2,3.2,3.2,2.2,2.2,3.2,3.2,3.2,3.2,3.2,3.2,3.2,3.2,3.2,0,8854881,3.2,3.2,100.0,100,-90.30000000000001,23,22,3,22,22,22,23,23,22,22,38.410000000000004,0,3.2,3.2,3.2,2.2,2.2,3.2,3.2,3.2,3.2,3.2,3.2,3.2,3.2,3.2,0,8631461,3.2,3.2,100.0,100,False,False,False
10-02-2021,12:55:43,-92.80000000000001,23,22,67,22,22,23,23,23,22,22,38.42,0,3.2,3.2,3.2,2.2,2.2,3.2,3.2,3.2,3.2,3.2,3.2,3.2,3.2,3.2,0,8855066,3.2,3.2,100.0,100,-90.2,23,22,67,22,22,22,23,23,22,22,38.410000000000004,0,3.2,3.2,3.2,2.2,2.2,3.2,3.2,3.2,3.2,3.2,3.2,3.2,3.2,3.2,0,8631729,3.2,3.2,100.0,100,False,False,False
10-02-2021,12:55:46,-92.80000000000001,23,22,3,22,22,23,23,23,22,22,38.42,0,3.2,3.2,3.2,2.2,2.2,3.2,3.2,3.2,3.2,3.2,3.2,3.2,3.2,3.2,0,8855342,3.2,3.2,100.0,100,-90.2,23,22,3,22,22,22,23,23,22,22,38.410000000000004,0,3.2,3.2,3.2,2.2,2.2,3.2,3.2,3.2,3.2,3.2,3.2,3.2,3.2,3.2,0,8631908,3.2,3.2,100.0,100,False,False,False
10-02-2021,12:55:49,-92.80000000000001,23,22,67,22,22,23,23,23,22,22,38.42,0,3.2,3.2,3.2,2.2,2.2,3.2,3.2,3.2,3.2,3.2,3.2,3.2,3.2,3.2,0,8855619,3.2,3.2,100.0,100,-90.30000000000001,23,22,67,22,22,22,23,23,22,22,38.410000000000004,0,3.2,3.2,3.2,2.2,2.2,3.2,3.2,3.2,3.2,3.2,3.2,3.2,3.2,3.2,0,8632177,3.2,3.2,100.0,100,False,False,False
10-02-2021,12:55:52,-92.80000000000001,23,22,3,22,22,23,23,23,22,22,38.42,0,3.2,3.2,3.2,2.2,2.2,3.2,3.2,3.2,3.2,3.2,3.2,3.2,3.2,3.2,0,8855896,3.2,3.2,100.0,100,-90.2,23,22,3,22,22,22,23,23,22,22,38.410000000000004,0,3.2,3.2,3.2,2.2,2.2,3.2,3.2,3.2,3.2,3.2,3.2,3.2,3.2,3.2,0,8632445,3.2,3.2,100.0,100,False,False,False
10-02-2021,12:55:54,-92.9,23,22,67,22,22,23,23,23,22,22,38.42,0,3.2,3.2,3.2,2.2,2.2,3.2,3.2,3.2,3.2,3.2,3.2,3.2,3.2,3.2,0,8856080,3.2,3.2,100.0,100,-90.30000000000001,23,22,67,22,22,22,23,23,22,22,38.410000000000004,0,3.2,3.2,3.2,2.2,2.2,3.2,3.2,3.2,3.2,3.2,3.2,3.2,3.2,3.2,0,8632714,3.2,3.2,100.0,100,False,False,False
10-02-2021,12:55:57,-92.80000000000001,23,22,3,22,22,23,23,23,22,22,38.42,0,3.2,3.2,3.2,2.2,2.2,3.2,3.2,3.2,3.2,3.2,3.2,3.2,3.2,3.2,0,8856356,3.2,3.2,100.0,100,-90.30000000000001,23,22,3,22,22,22,23,23,22,22,38.410000000000004,0,3.2,3.2,3.2,2.2,2.2,3.2,3.2,3.2,3.2,3.2,3.2,3.2,3.2,3.2,0,8632893,3.2,3.2,100.0,100,False,False,False
10-02-2021,12:56:00,-92.9,23,22,67,22,22,23,23,23,22,22,38.42,0,3.2,3.2,3.2,2.2,2.2,3.2,3.2,3.2,3.2,3.2,3.2,3.2,3.2,3.2,0,8856633,3.2,3.2,100.0,100,-90.2,23,22,67,22,22,22,23,23,22,22,38.410000000000004,0,3.2,3.2,3.2,2.2,2.2,3.2,3.2,3.2,3.2,3.2,3.2,3.2,3.2,3.2,0,8633161,3.2,3.2,100.0,100,False,False,False
10-02-2021,12:56:02,-92.80000000000001,23,22,3,22,22,23,23,23,22,22,38.42,0,3.2,3.2,3.2,2.2,2.2,3.2,3.2,3.2,3.2,3.2,3.2,3.2,3.2,3.2,0,8856909,3.2,3.2,100.0,100,-90.30000000000001,23,22,3,22,22,22,23,23,22,22,38.410000000000004,0,3.2,3.2,3.2,2.2,2.2,3.2,3.2,3.2,3.2,3.2,3.2,3.2,3.2,3.2,0,8633430,3.2,3.2,100.0,100,False,False,False
10-02-2021,12:56:05,-92.80000000000001,23,22,67,22,22,23,23,23,22,22,38.42,0,3.2,3.2,3.2,2.2,2.2,3.2,3.2,3.2,3.2,3.2,3.2,3.2,3.2,3.2,0,8857094,3.2,3.2,100.0,100,-90.2,23,22,67,22,22,22,23,23,22,22,38.410000000000004,0,3.2,3.2,3.2,2.2,2.2,3.2,3.2,3.2,3.2,3.2,3.2,3.2,3.2,3.2,0,8633699,3.2,3.2,100.0,100,False,False,False
10-02-2021,12:56:08,-92.80000000000001,23,22,3,22,22,23,23,23,22,22,38.42,0,3.2,3.2,3.2,2.2,2.2,3.2,3.2,3.2,3.2,3.2,3.2,3.2,3.2,3.2,0,8857370,3.2,3.2,100.0,100,-90.2,23,22,3,22,22,22,23,23,22,22,38.410000000000004,0,3.2,3.2,3.2,2.2,2.2,3.2,3.2,3.2,3.2,3.2,3.2,3.2,3.2,3.2,0,8633878,3.2,3.2,100.0,100,False,False,False
10-02-2021,12:56:11,-92.9,23,22,67,22,22,23,23,23,22,22,38.42,0,3.2,3.2,3.2,2.2,2.2,3.2,3.2,3.2,3.2,3.2,3.2,3.2,3.2,3.2,0,8857647,3.2,3.2,100.0,100,-90.2,23,22,67,22,22,22,23,23,22,22,38.410000000000004,0,3.2,3.2,3.2,2.2,2.2,3.2,3.2,3.2,3.2,3.2,3.2,3.2,3.2,3.2,0,8634146,3.2,3.2,100.0,100,False,False,False
10-02-2021,12:56:13,-92.80000000000001,23,22,3,22,22,23,23,23,22,22,38.42,0,3.2,3.2,3.2,2.2,2.2,3.2,3.2,3.2,3.2,3.2,3.2,3.2,3.2,3.2,0,8857923,3.2,3.2,100.0,100,-90.2,23,22,3,22,22,22,23,23,22,22,38.410000000000004,0,3.2,3.2,3.2,2.2,2.2,3.2,3.2,3.2,3.2,3.2,3.2,3.2,3.2,3.2,0,8634414,3.2,3.2,100.0,100,False,False,False
10-02-2021,12:56:16,-92.9,23,22,67,22,22,23,23,23,22,22,38.42,0,3.2,3.2,3.2,2.2,2.2,3.2,3.2,3.2,3.2,3.2,3.2,3.2,3.2,3.2,0,8858108,3.2,3.2,100.0,100,-90.2,23,22,67,22,22,22,23,23,22,22,38.410000000000004,0,3.2,3.2,3.2,2.2,2.2,3.2,3.2,3.2,3.2,3.2,3.2,3.2,3.2,3.2,0,8634683,3.2,3.2,100.0,100,False,False,False
10-02-2021,12:56:19,-92.80000000000001,23,22,3,22,22,23,23,23,22,22,38.42,0,3.2,3.2,3.2,2.2,2.2,3.2,3.2,3.2,3.2,3.2,3.2,3.2,3.2,3.2,0,8858385,3.2,3.2,100.0,100,-90.2,23,22,3,22,22,22,23,23,22,22,38.410000000000004,0,3.2,3.2,3.2,2.2,2.2,3.2,3.2,3.2,3.2,3.2,3.2,3.2,3.2,3.2,0,8634862,3.2,3.2,100.0,100,False,False,False
10-02-2021,12:56:22,-92.80000000000001,23,22,67,22,22,23,23,23,22,22,38.42,0,3.2,3.2,3.2,2.2,2.2,3.2,3.2,3.2,3.2,3.2,3.2,3.2,3.2,3.2,0,8858661,3.2,3.2,100.0,100,-90.30000000000001,23,22,67,22,22,22,23,23,22,22,38.410000000000004,0,3.2,3.2,3.2,2.2,2.2,3.2,3.2,3.2,3.2,3.2,3.2,3.2,3.2,3.2,0,8635131,3.2,3.2,100.0,100,False,False,False
10-02-2021,12:56:24,-92.80000000000001,23,22,3,22,22,23,23,23,22,22,38.42,0,3.2,3.2,3.2,2.2,2.2,3.2,3.2,3.2,3.2,3.2,3.2,3.2,3.2,3.2,0,8858938,3.2,3.2,100.0,100,-90.2,23,22,3,22,22,22,23,23,22,22,38.410000000000004,0,3.2,3.2,3.2,2.2,2.2,3.2,3.2,3.2,3.2,3.2,3.2,3.2,3.2,3.2,0,8635400,3.2,3.2,100.0,100,False,False,False
10-02-2021,12:56:27,-92.80000000000001,23,22,67,22,22,23,23,23,22,22,38.42,0,3.2,3.2,3.2,2.2,2.2,3.2,3.2,3.2,3.2,3.2,3.2,3.2,3.2,3.2,0,8859122,3.2,3.2,100.0,100,-90.2,23,22,67,22,22,22,23,23,22,22,38.410000000000004,0,3.2,3.2,3.2,2.2,2.2,3.2,3.2,3.2,3.2,3.2,3.2,3.2,3.2,3.2,0,8635668,3.2,3.2,100.0,100,False,False,False
10-02-2021,12:56:30,-92.80000000000001,23,22,3,22,22,23,23,23,22,22,38.42,0,3.2,3.2,3.2,2.2,2.2,3.2,3.2,3.2,3.2,3.2,3.2,3.2,3.2,3.2,0,8859398,3.2,3.2,100.0,100,-90.2,23,22,3,22,22,22,23,23,22,22,38.410000000000004,0,3.2,3.2,3.2,2.2,2.2,3.2,3.2,3.2,3.2,3.2,3.2,3.2,3.2,3.2,0,8635847,3.2,3.2,100.0,100,False,False,False
10-02-2021,12:56:33,-92.80000000000001,23,22,67,22,22,23,23,23,22,22,38.42,0,3.2,3.2,3.2,2.2,2.2,3.2,3.2,3.2,3.2,3.2,3.2,3.2,3.2,3.2,0,8859675,3.2,3.2,100.0,100,-90.2,23,22,67,22,22,22,23,23,22,22,38.410000000000004,0,3.2,3.2,3.2,2.2,2.2,3.2,3.2,3.2,3.2,3.2,3.2,3.2,3.2,3.2,0,8636116,3.2,3.2,100.0,100,False,False,False
10-02-2021,12:56:35,-92.80000000000001,23,22,3,22,22,23,23,23,22,22,38.42,0,3.2,3.2,3.2,2.2,2.2,3.2,3.2,3.2,3.2,3.2,3.2,3.2,3.2,3.2,0,8859951,3.2,3.2,100.0,100,-90.2,23,22,3,22,22,22,23,23,22,22,38.410000000000004,0,3.2,3.2,3.2,2.2,2.2,3.2,3.2,3.2,3.2,3.2,3.2,3.2,3.2,3.2,0,8636384,3.2,3.2,100.0,100,False,False,False
10-02-2021,12:56:38,-92.80000000000001,23,22,67,22,22,23,23,23,22,22,38.42,0,3.2,3.2,3.2,2.2,2.2,3.2,3.2,3.2,3.2,3.2,3.2,3.2,3.2,3.2,0,8860135,3.2,3.2,100.0,100,-90.2,23,22,67,22,22,22,23,23,22,22,38.410000000000004,0,3.2,3.2,3.2,2.2,2.2,3.2,3.2,3.2,3.2,3.2,3.2,3.2,3.2,3.2,0,8636653,3.2,3.2,100.0,100,False,False,False
10-02-2021,12:56:41,-92.80000000000001,23,22,3,22,22,23,23,23,22,22,38.42,0,3.2,3.2,3.2,2.2,2.2,3.2,3.2,3.2,3.2,3.2,3.2,3.2,3.2,3.2,0,8860412,3.2,3.2,100.0,100,-90.2,23,22,3,22,22,22,23,23,22,22,38.410000000000004,0,3.2,3.2,3.2,2.2,2.2,3.2,3.2,3.2,3.2,3.2,3.2,3.2,3.2,3.2,0,8636832,3.2,3.2,100.0,100,False,False,False
10-02-2021,12:56:44,-92.80000000000001,23,22,67,22,22,23,23,23,22,22,38.42,0,3.2,3.2,3.2,2.2,2.2,3.2,3.2,3.2,3.2,3.2,3.2,3.2,3.2,3.2,0,8860688,3.2,3.2,100.0,100,-90.2,23,22,67,22,22,22,23,23,22,22,38.410000000000004,0,3.2,3.2,3.2,2.2,2.2,3.2,3.2,3.2,3.2,3.2,3.2,3.2,3.2,3.2,0,8637100,3.2,3.2,100.0,100,False,False,False
10-02-2021,12:56:46,-92.80000000000001,23,22,3,22,22,23,23,23,22,22,38.42,0,3.2,3.2,3.2,2.2,2.2,3.2,3.2,3.2,3.2,3.2,3.2,3.2,3.2,3.2,0,8860964,3.2,3.2,100.0,100,-90.2,23,22,3,22,22,22,23,23,22,22,38.410000000000004,0,3.2,3.2,3.2,2.2,2.2,3.2,3.2,3.2,3.2,3.2,3.2,3.2,3.2,3.2,0,8637369,3.2,3.2,100.0,100,False,False,False
10-02-2021,12:56:49,-92.80000000000001,23,22,67,22,22,23,23,23,22,22,38.42,0,3.2,3.2,3.2,2.2,2.2,3.2,3.2,3.2,3.2,3.2,3.2,3.2,3.2,3.2,0,8861148,3.2,3.2,100.0,100,-90.2,23,22,67,22,22,22,23,23,22,22,38.410000000000004,0,3.2,3.2,3.2,2.2,2.2,3.2,3.2,3.2,3.2,3.2,3.2,3.2,3.2,3.2,0,8637637,3.2,3.2,100.0,100,False,False,False
10-02-2021,12:56:52,-92.80000000000001,23,22,3,22,22,23,23,23,22,22,38.42,0,3.2,3.2,3.2,2.2,2.2,3.2,3.2,3.2,3.2,3.2,3.2,3.2,3.2,3.2,0,8861425,3.2,3.2,100.0,100,-90.2,23,22,3,22,22,22,23,23,22,22,38.410000000000004,0,3.2,3.2,3.2,2.2,2.2,3.2,3.2,3.2,3.2,3.2,3.2,3.2,3.2,3.2,0,8637817,3.2,3.2,100.0,100,False,False,False
10-02-2021,12:56:55,-92.80000000000001,23,22,67,22,22,23,23,23,22,22,38.42,0,3.2,3.2,3.2,2.2,2.2,3.2,3.2,3.2,3.2,3.2,3.2,3.2,3.2,3.2,0,8861701,3.2,3.2,100.0,100,-90.2,23,22,67,22,22,22,23,23,22,22,38.410000000000004,0,3.2,3.2,3.2,2.2,2.2,3.2,3.2,3.2,3.2,3.2,3.2,3.2,3.2,3.2,0,8638085,3.2,3.2,100.0,100,False,False,False
10-02-2021,12:56:57,-92.80000000000001,23,22,3,22,22,23,23,23,22,22,38.42,0,3.2,3.2,3.2,2.2,2.2,3.2,3.2,3.2,3.2,3.2,3.2,3.2,3.2,3.2,0,8861977,3.2,3.2,100.0,100,-90.2,23,22,3,22,22,22,23,23,22,22,38.410000000000004,0,3.2,3.2,3.2,2.2,2.2,3.2,3.2,3.2,3.2,3.2,3.2,3.2,3.2,3.2,0,8638353,3.2,3.2,100.0,100,False,False,False
10-02-2021,12:57:00,-92.80000000000001,23,22,67,22,22,23,23,23,22,22,38.42,0,3.2,3.2,3.2,2.2,2.2,3.2,3.2,3.2,3.2,3.2,3.2,3.2,3.2,3.2,0,8862162,3.2,3.2,100.0,100,-90.30000000000001,23,22,67,22,22,22,23,23,22,22,38.410000000000004,0,3.2,3.2,3.2,2.2,2.2,3.2,3.2,3.2,3.2,3.2,3.2,3.2,3.2,3.2,0,8638622,3.2,3.2,100.0,100,False,False,False
10-02-2021,12:57:03,-92.80000000000001,23,22,3,22,22,23,23,23,22,22,38.42,0,3.2,3.2,3.2,2.2,2.2,3.2,3.2,3.2,3.2,3.2,3.2,3.2,3.2,3.2,0,8862438,3.2,3.2,100.0,100,-90.30000000000001,23,22,3,22,22,22,23,23,22,22,38.410000000000004,0,3.2,3.2,3.2,2.2,2.2,3.2,3.2,3.2,3.2,3.2,3.2,3.2,3.2,3.2,0,8638801,3.2,3.2,100.0,100,False,False,False
10-02-2021,12:57:06,-92.80000000000001,23,22,67,22,22,23,23,23,22,22,38.42,0,3.2,3.2,3.2,2.2,2.2,3.2,3.2,3.2,3.2,3.2,3.2,3.2,3.2,3.2,0,8862714,3.2,3.2,100.0,100,-90.2,23,22,67,22,22,22,23,23,22,22,38.410000000000004,0,3.2,3.2,3.2,2.2,2.2,3.2,3.2,3.2,3.2,3.2,3.2,3.2,3.2,3.2,0,8639070,3.2,3.2,100.0,100,False,False,False
10-02-2021,12:57:08,-92.80000000000001,23,22,3,22,22,23,23,23,22,22,38.42,0,3.2,3.2,3.2,2.2,2.2,3.2,3.2,3.2,3.2,3.2,3.2,3.2,3.2,3.2,0,8862991,3.2,3.2,100.0,100,-90.30000000000001,23,22,3,22,22,22,23,23,22,22,38.410000000000004,0,3.2,3.2,3.2,2.2,2.2,3.2,3.2,3.2,3.2,3.2,3.2,3.2,3.2,3.2,0,8639339,3.2,3.2,100.0,100,False,False,False
10-02-2021,12:57:11,-92.80000000000001,23,22,67,22,22,23,23,23,22,22,38.42,0,3.2,3.2,3.2,2.2,2.2,3.2,3.2,3.2,3.2,3.2,3.2,3.2,3.2,3.2,0,8863175,3.2,3.2,100.0,100,-90.30000000000001,23,22,67,22,22,22,23,23,22,22,38.410000000000004,0,3.2,3.2,3.2,2.2,2.2,3.2,3.2,3.2,3.2,3.2,3.2,3.2,3.2,3.2,0,8639607,3.2,3.2,100.0,100,False,False,False
10-02-2021,12:57:14,-92.80000000000001,23,22,3,22,22,23,23,23,22,22,38.42,0,3.2,3.2,3.2,2.2,2.2,3.2,3.2,3.2,3.2,3.2,3.2,3.2,3.2,3.2,0,8863451,3.2,3.2,100.0,100,-90.2,23,22,3,22,22,22,23,23,22,22,38.410000000000004,0,3.2,3.2,3.2,2.2,2.2,3.2,3.2,3.2,3.2,3.2,3.2,3.2,3.2,3.2,0,8639786,3.2,3.2,100.0,100,False,False,False
10-02-2021,12:57:16,-92.80000000000001,23,22,67,22,22,23,23,23,22,22,38.42,0,3.2,3.2,3.2,2.2,2.2,3.2,3.2,3.2,3.2,3.2,3.2,3.2,3.2,3.2,0,8863728,3.2,3.2,100.0,100,-90.2,23,22,67,22,22,22,23,23,22,22,38.410000000000004,0,3.2,3.2,3.2,2.2,2.2,3.2,3.2,3.2,3.2,3.2,3.2,3.2,3.2,3.2,0,8640055,3.2,3.2,100.0,100,False,False,False
10-02-2021,12:57:19,-92.80000000000001,23,22,3,22,22,23,23,23,22,22,38.42,0,3.2,3.2,3.2,2.2,2.2,3.2,3.2,3.2,3.2,3.2,3.2,3.2,3.2,3.2,0,8864004,3.2,3.2,100.0,100,-90.30000000000001,23,22,3,22,22,22,23,23,22,22,38.410000000000004,0,3.2,3.2,3.2,2.2,2.2,3.2,3.2,3.2,3.2,3.2,3.2,3.2,3.2,3.2,0,8640323,3.2,3.2,100.0,100,False,False,False
10-02-2021,12:57:22,-92.80000000000001,23,22,67,22,22,23,23,23,22,22,38.42,0,3.2,3.2,3.2,2.2,2.2,3.2,3.2,3.2,3.2,3.2,3.2,3.2,3.2,3.2,0,8864188,3.2,3.2,100.0,100,-90.2,23,22,67,22,22,22,23,23,22,22,38.410000000000004,0,3.2,3.2,3.2,2.2,2.2,3.2,3.2,3.2,3.2,3.2,3.2,3.2,3.2,3.2,0,8640592,3.2,3.2,100.0,100,False,False,False
10-02-2021,12:57:25,-92.80000000000001,23,22,3,22,22,23,23,23,22,22,38.42,0,3.2,3.2,3.2,2.2,2.2,3.2,3.2,3.2,3.2,3.2,3.2,3.2,3.2,3.2,0,8864465,3.2,3.2,100.0,100,-90.2,23,22,3,22,22,22,23,23,22,22,38.410000000000004,0,3.2,3.2,3.2,2.2,2.2,3.2,3.2,3.2,3.2,3.2,3.2,3.2,3.2,3.2,0,8640770,3.2,3.2,100.0,100,False,False,False
10-02-2021,12:57:27,-92.80000000000001,23,22,67,22,22,23,23,23,22,22,38.42,0,3.2,3.2,3.2,2.2,2.2,3.2,3.2,3.2,3.2,3.2,3.2,3.2,3.2,3.2,0,8864741,3.2,3.2,100.0,100,-90.2,23,22,67,22,22,22,23,23,22,22,38.410000000000004,0,3.2,3.2,3.2,2.2,2.2,3.2,3.2,3.2,3.2,3.2,3.2,3.2,3.2,3.2,0,8641039,3.2,3.2,100.0,100,False,False,False
10-02-2021,12:57:30,-92.80000000000001,23,22,3,22,22,23,23,23,22,22,38.42,0,3.2,3.2,3.2,2.2,2.2,3.2,3.2,3.2,3.2,3.2,3.2,3.2,3.2,3.2,0,8865018,3.2,3.2,100.0,100,-90.30000000000001,23,22,3,22,22,22,23,23,22,22,38.410000000000004,0,3.2,3.2,3.2,2.2,2.2,3.2,3.2,3.2,3.2,3.2,3.2,3.2,3.2,3.2,0,8641308,3.2,3.2,100.0,100,False,False,False
10-02-2021,12:57:33,-92.80000000000001,23,22,67,22,22,23,23,23,22,22,38.42,0,3.2,3.2,3.2,2.2,2.2,3.2,3.2,3.2,3.2,3.2,3.2,3.2,3.2,3.2,0,8865202,3.2,3.2,100.0,100,-90.4,23,22,67,22,22,22,23,23,22,22,38.410000000000004,0,3.2,3.2,3.2,2.2,2.2,3.2,3.2,3.2,3.2,3.2,3.2,3.2,3.2,3.2,0,8641576,3.2,3.2,100.0,100,False,False,False
10-02-2021,12:57:35,-92.80000000000001,23,22,3,22,22,23,23,23,22,22,38.42,0,3.2,3.2,3.2,2.2,2.2,3.2,3.2,3.2,3.2,3.2,3.2,3.2,3.2,3.2,0,8865478,3.2,3.2,100.0,100,-90.2,23,22,3,22,22,22,23,23,22,22,38.410000000000004,0,3.2,3.2,3.2,2.2,2.2,3.2,3.2,3.2,3.2,3.2,3.2,3.2,3.2,3.2,0,8641756,3.2,3.2,100.0,100,False,False,False
10-02-2021,12:57:38,-92.80000000000001,23,22,67,22,22,23,23,23,22,22,38.42,0,3.2,3.2,3.2,2.2,2.2,3.2,3.2,3.2,3.2,3.2,3.2,3.2,3.2,3.2,0,8865754,3.2,3.2,100.0,100,-90.30000000000001,23,22,67,22,22,22,23,23,22,22,38.410000000000004,0,3.2,3.2,3.2,2.2,2.2,3.2,3.2,3.2,3.2,3.2,3.2,3.2,3.2,3.2,0,8642024,3.2,3.2,100.0,100,False,False,False
10-02-2021,12:57:41,-92.80000000000001,23,22,3,22,22,23,23,23,22,22,38.42,0,3.2,3.2,3.2,2.2,2.2,3.2,3.2,3.2,3.2,3.2,3.2,3.2,3.2,3.2,0,8866031,3.2,3.2,100.0,100,-90.2,23,22,3,22,22,22,23,23,22,22,38.410000000000004,0,3.2,3.2,3.2,2.2,2.2,3.2,3.2,3.2,3.2,3.2,3.2,3.2,3.2,3.2,0,8642292,3.2,3.2,100.0,100,False,False,False
10-02-2021,12:57:44,-92.80000000000001,23,22,67,22,22,23,23,23,22,22,38.42,0,3.2,3.2,3.2,2.2,2.2,3.2,3.2,3.2,3.2,3.2,3.2,3.2,3.2,3.2,0,8866215,3.2,3.2,100.0,100,-90.2,23,22,67,22,22,22,23,23,22,22,38.410000000000004,0,3.2,3.2,3.2,2.2,2.2,3.2,3.2,3.2,3.2,3.2,3.2,3.2,3.2,3.2,0,8642561,3.2,3.2,100.0,100,False,False,False
10-02-2021,12:57:47,-92.80000000000001,23,22,3,22,22,23,23,23,22,22,38.42,0,3.2,3.2,3.2,2.2,2.2,3.2,3.2,3.2,3.2,3.2,3.2,3.2,3.2,3.2,0,8866491,3.2,3.2,100.0,100,-90.2,23,22,3,22,22,22,23,23,22,22,38.410000000000004,0,3.2,3.2,3.2,2.2,2.2,3.2,3.2,3.2,3.2,3.2,3.2,3.2,3.2,3.2,0,8642740,3.2,3.2,100.0,100,False,False,False
10-02-2021,12:57:50,-92.80000000000001,23,22,67,22,22,23,23,23,22,22,38.42,0,3.2,3.2,3.2,2.2,2.2,3.2,3.2,3.2,3.2,3.2,3.2,3.2,3.2,3.2,0,8866768,3.2,3.2,100.0,100,-90.30000000000001,23,22,67,22,22,22,23,23,22,22,38.410000000000004,0,3.2,3.2,3.2,2.2,2.2,3.2,3.2,3.2,3.2,3.2,3.2,3.2,3.2,3.2,0,8643009,3.2,3.2,100.0,100,False,False,False
10-02-2021,12:57:53,-92.80000000000001,23,22,3,22,22,23,23,23,22,22,38.42,0,3.2,3.2,3.2,2.2,2.2,3.2,3.2,3.2,3.2,3.2,3.2,3.2,3.2,3.2,0,8867044,3.2,3.2,100.0,100,-90.2,23,22,3,22,22,22,23,23,22,22,38.410000000000004,0,3.2,3.2,3.2,2.2,2.2,3.2,3.2,3.2,3.2,3.2,3.2,3.2,3.2,3.2,0,8643278,3.2,3.2,100.0,100,False,False,False
10-02-2021,12:57:56,-92.7,23,22,67,22,22,23,23,23,22,22,38.42,0,3.2,3.2,3.2,2.2,2.2,3.2,3.2,3.2,3.2,3.2,3.2,3.2,3.2,3.2,0,8867320,3.2,3.2,100.0,100,-90.30000000000001,23,22,67,22,22,22,23,23,22,22,38.410000000000004,0,3.2,3.2,3.2,2.2,2.2,3.2,3.2,3.2,3.2,3.2,3.2,3.2,3.2,3.2,0,8643546,3.2,3.2,100.0,100,False,False,False
10-02-2021,12:57:59,-92.7,23,22,3,22,22,23,23,23,22,22,38.42,0,3.2,3.2,3.2,2.2,2.2,3.2,3.2,3.2,3.2,3.2,3.2,3.2,3.2,3.2,0,8867597,3.2,3.2,100.0,100,-90.2,23,22,3,22,22,22,23,23,22,22,38.410000000000004,0,3.2,3.2,3.2,2.2,2.2,3.2,3.2,3.2,3.2,3.2,3.2,3.2,3.2,3.2,0,8643814,3.2,3.2,100.0,100,False,False,False
10-02-2021,12:58:02,-92.7,23,22,67,22,22,23,23,23,22,22,38.42,0,3.2,3.2,3.2,2.2,2.2,3.2,3.2,3.2,3.2,3.2,3.2,3.2,3.2,3.2,0,8867873,3.2,3.2,100.0,100,-90.30000000000001,23,22,67,22,22,22,23,23,22,22,38.410000000000004,0,3.2,3.2,3.2,2.2,2.2,3.2,3.2,3.2,3.2,3.2,3.2,3.2,3.2,3.2,0,8644083,3.2,3.2,100.0,100,False,False,False
10-02-2021,12:58:05,-92.7,23,22,3,22,22,23,23,23,22,22,38.42,0,3.2,3.2,3.2,2.2,2.2,3.2,3.2,3.2,3.2,3.2,3.2,3.2,3.2,3.2,0,8868150,3.2,3.2,100.0,100,-90.30000000000001,23,22,3,22,22,22,23,23,22,22,38.410000000000004,0,3.2,3.2,3.2,2.2,2.2,3.2,3.2,3.2,3.2,3.2,3.2,3.2,3.2,3.2,0,8644352,3.2,3.2,100.0,100,False,False,False
10-02-2021,12:58:08,-92.80000000000001,23,22,67,22,22,23,23,23,22,22,38.42,0,3.2,3.2,3.2,2.2,2.2,3.2,3.2,3.2,3.2,3.2,3.2,3.2,3.2,3.2,0,8868426,3.2,3.2,100.0,100,-90.2,23,22,67,22,22,22,23,23,22,22,38.410000000000004,0,3.2,3.2,3.2,2.2,2.2,3.2,3.2,3.2,3.2,3.2,3.2,3.2,3.2,3.2,0,8644620,3.2,3.2,100.0,100,False,False,False
10-02-2021,12:58:11,-92.80000000000001,23,22,3,22,22,23,23,23,22,22,38.42,0,3.2,3.2,3.2,2.2,2.2,3.2,3.2,3.2,3.2,3.2,3.2,3.2,3.2,3.2,0,8868702,3.2,3.2,100.0,100,-90.2,23,22,3,22,22,22,23,23,22,22,38.410000000000004,0,3.2,3.2,3.2,2.2,2.2,3.2,3.2,3.2,3.2,3.2,3.2,3.2,3.2,3.2,0,8644889,3.2,3.2,100.0,100,False,False,False
10-02-2021,12:58:14,-92.80000000000001,23,22,67,22,22,23,23,23,22,22,38.42,0,3.2,3.2,3.2,2.2,2.2,3.2,3.2,3.2,3.2,3.2,3.2,3.2,3.2,3.2,0,8868979,3.2,3.2,100.0,100,-90.30000000000001,23,22,67,22,22,22,23,23,22,22,38.410000000000004,0,3.2,3.2,3.2,2.2,2.2,3.2,3.2,3.2,3.2,3.2,3.2,3.2,3.2,3.2,0,8645158,3.2,3.2,100.0,100,False,False,False
10-02-2021,12:58:17,-92.80000000000001,23,22,3,22,22,23,23,23,22,22,38.42,0,3.2,3.2,3.2,2.2,2.2,3.2,3.2,3.2,3.2,3.2,3.2,3.2,3.2,3.2,0,8869255,3.2,3.2,100.0,100,-90.30000000000001,23,22,3,22,22,22,23,23,22,22,38.410000000000004,0,3.2,3.2,3.2,2.2,2.2,3.2,3.2,3.2,3.2,3.2,3.2,3.2,3.2,3.2,0,8645426,3.2,3.2,100.0,100,False,False,False
10-02-2021,12:58:20,-92.80000000000001,23,22,67,22,22,23,23,23,22,22,38.42,0,3.2,3.2,3.2,2.2,2.2,3.2,3.2,3.2,3.2,3.2,3.2,3.2,3.2,3.2,0,8869531,3.2,3.2,100.0,100,-90.30000000000001,23,22,67,22,22,22,23,23,22,22,38.410000000000004,0,3.2,3.2,3.2,2.2,2.2,3.2,3.2,3.2,3.2,3.2,3.2,3.2,3.2,3.2,0,8645695,3.2,3.2,100.0,100,False,False,False
10-02-2021,12:58:23,-92.80000000000001,23,22,3,22,22,23,23,23,22,22,38.410000000000004,0,3.2,3.2,3.2,2.2,2.2,3.2,3.2,3.2,3.2,3.2,3.2,3.2,3.2,3.2,0,8869808,3.2,3.2,100.0,100,-90.30000000000001,23,22,3,22,22,22,23,23,22,22,38.410000000000004,0,3.2,3.2,3.2,2.2,2.2,3.2,3.2,3.2,3.2,3.2,3.2,3.2,3.2,3.2,0,8645964,3.2,3.2,100.0,100,False,False,False
10-02-2021,12:58:26,-92.80000000000001,23,22,67,22,22,23,23,23,22,22,38.42,0,3.2,3.2,3.2,2.2,2.2,3.2,3.2,3.2,3.2,3.2,3.2,3.2,3.2,3.2,0,8870084,3.2,3.2,100.0,100,-90.2,23,22,67,22,22,22,23,23,22,22,38.410000000000004,0,3.2,3.2,3.2,2.2,2.2,3.2,3.2,3.2,3.2,3.2,3.2,3.2,3.2,3.2,0,8646232,3.2,3.2,100.0,100,False,False,False
10-02-2021,12:58:29,-92.80000000000001,23,22,3,22,22,23,23,23,22,22,38.42,0,3.2,3.2,3.2,2.2,2.2,3.2,3.2,3.2,3.2,3.2,3.2,3.2,3.2,3.2,0,8870361,3.2,3.2,100.0,100,-90.2,23,22,3,22,22,22,23,23,22,22,38.410000000000004,0,3.2,3.2,3.2,2.2,2.2,3.2,3.2,3.2,3.2,3.2,3.2,3.2,3.2,3.2,0,8646501,3.2,3.2,100.0,100,False,False,False
10-02-2021,12:58:32,-92.80000000000001,23,22,67,22,22,23,23,23,22,22,38.42,0,3.2,3.2,3.2,2.2,2.2,3.2,3.2,3.2,3.2,3.2,3.2,3.2,3.2,3.2,0,8870637,3.2,3.2,100.0,100,-90.2,23,22,67,22,22,22,23,23,22,22,38.410000000000004,0,3.2,3.2,3.2,2.2,2.2,3.2,3.2,3.2,3.2,3.2,3.2,3.2,3.2,3.2,0,8646769,3.2,3.2,100.0,100,False,False,False
10-02-2021,12:58:35,-92.80000000000001,23,22,3,22,22,23,23,23,22,22,38.410000000000004,0,3.2,3.2,3.2,2.2,2.2,3.2,3.2,3.2,3.2,3.2,3.2,3.2,3.2,3.2,0,8870914,3.2,3.2,100.0,100,-90.30000000000001,23,22,3,22,22,22,23,23,22,22,38.410000000000004,0,3.2,3.2,3.2,2.2,2.2,3.2,3.2,3.2,3.2,3.2,3.2,3.2,3.2,3.2,0,8647038,3.2,3.2,100.0,100,False,False,False
10-02-2021,12:58:38,-92.80000000000001,23,22,67,22,22,23,23,23,22,22,38.42,0,3.2,3.2,3.2,2.2,2.2,3.2,3.2,3.2,3.2,3.2,3.2,3.2,3.2,3.2,0,8871282,3.2,3.2,100.0,100,-90.2,23,22,67,22,22,22,23,23,22,22,38.410000000000004,0,3.2,3.2,3.2,2.2,2.2,3.2,3.2,3.2,3.2,3.2,3.2,3.2,3.2,3.2,0,8647306,3.2,3.2,100.0,100,False,False,False
10-02-2021,12:58:41,-92.7,23,22,3,22,22,23,23,23,22,22,38.410000000000004,0,3.2,3.2,3.2,2.2,2.2,3.2,3.2,3.2,3.2,3.2,3.2,3.2,3.2,3.2,0,8871559,3.2,3.2,100.0,100,-90.30000000000001,23,22,3,22,22,22,23,23,22,22,38.4,0,3.2,3.2,3.2,2.2,2.2,3.2,3.2,3.2,3.2,3.2,3.2,3.2,3.2,3.2,0,8647575,3.2,3.2,100.0,100,False,False,False
10-02-2021,12:58:44,-92.7,23,22,67,22,22,23,23,23,22,22,38.42,0,3.2,3.2,3.2,2.2,2.2,3.2,3.2,3.2,3.2,3.2,3.2,3.2,3.2,3.2,0,8871835,3.2,3.2,100.0,100,-90.2,23,22,67,22,22,22,23,23,22,22,38.410000000000004,0,3.2,3.2,3.2,2.2,2.2,3.2,3.2,3.2,3.2,3.2,3.2,3.2,3.2,3.2,0,8647844,3.2,3.2,100.0,100,False,False,False
10-02-2021,12:58:47,-92.80000000000001,23,22,3,22,22,23,23,23,22,22,38.42,0,3.2,3.2,3.2,2.2,2.2,3.2,3.2,3.2,3.2,3.2,3.2,3.2,3.2,3.2,0,8872112,3.2,3.2,100.0,100,-90.2,23,22,3,22,22,22,23,23,22,22,38.410000000000004,0,3.2,3.2,3.2,2.2,2.2,3.2,3.2,3.2,3.2,3.2,3.2,3.2,3.2,3.2,0,8648112,3.2,3.2,100.0,100,False,False,False
10-02-2021,12:58:50,-92.80000000000001,23,22,67,22,22,23,23,23,22,22,38.42,0,3.2,3.2,3.2,2.2,2.2,3.2,3.2,3.2,3.2,3.2,3.2,3.2,3.2,3.2,0,8872389,3.2,3.2,100.0,100,-90.30000000000001,23,22,67,22,22,22,23,23,22,22,38.410000000000004,0,3.2,3.2,3.2,2.2,2.2,3.2,3.2,3.2,3.2,3.2,3.2,3.2,3.2,3.2,0,8648381,3.2,3.2,100.0,100,False,False,False
10-02-2021,12:58:53,-92.80000000000001,23,22,3,22,22,23,23,23,22,22,38.42,0,3.2,3.2,3.2,2.2,2.2,3.2,3.2,3.2,3.2,3.2,3.2,3.2,3.2,3.2,0,8872666,3.2,3.2,100.0,100,-90.30000000000001,23,22,3,22,22,22,23,23,22,22,38.410000000000004,0,3.2,3.2,3.2,2.2,2.2,3.2,3.2,3.2,3.2,3.2,3.2,3.2,3.2,3.2,0,8648650,3.2,3.2,100.0,100,False,False,False
10-02-2021,12:58:56,-92.80000000000001,23,22,67,22,22,23,23,23,22,22,38.410000000000004,0,3.2,3.2,3.2,2.2,2.2,3.2,3.2,3.2,3.2,3.2,3.2,3.2,3.2,3.2,0,8872851,3.2,3.2,100.0,100,-90.30000000000001,23,22,67,22,22,22,23,23,22,22,38.410000000000004,0,3.2,3.2,3.2,2.2,2.2,3.2,3.2,3.2,3.2,3.2,3.2,3.2,3.2,3.2,0,8648918,3.2,3.2,100.0,100,False,False,False
10-02-2021,12:58:59,-92.80000000000001,23,22,3,22,22,23,23,23,22,22,38.42,0,3.2,3.2,3.2,2.2,2.2,3.2,3.2,3.2,3.2,3.2,3.2,3.2,3.2,3.2,0,8873127,3.2,3.2,100.0,100,-90.2,23,22,3,22,22,22,23,23,22,22,38.4,0,3.2,3.2,3.2,2.2,2.2,3.2,3.2,3.2,3.2,3.2,3.2,3.2,3.2,3.2,0,8649186,3.2,3.2,100.0,100,False,False,False
10-02-2021,12:59:02,-92.80000000000001,23,22,67,22,22,23,23,23,22,22,38.410000000000004,0,3.2,3.2,3.2,2.2,2.2,3.2,3.2,3.2,3.2,3.2,3.2,3.2,3.2,3.2,0,8873496,3.2,3.2,100.0,100,-90.2,23,22,67,22,22,22,23,23,22,22,38.410000000000004,0,3.2,3.2,3.2,2.2,2.2,3.2,3.2,3.2,3.2,3.2,3.2,3.2,3.2,3.2,0,8649455,3.2,3.2,100.0,100,False,False,False
10-02-2021,12:59:04,-92.9,23,22,3,22,22,23,23,23,22,22,38.42,0,3.2,3.2,3.2,2.2,2.2,3.2,3.2,3.2,3.2,3.2,3.2,3.2,3.2,3.2,0,8873772,3.2,3.2,100.0,100,-90.2,23,22,3,22,22,22,23,23,22,22,38.410000000000004,0,3.2,3.2,3.2,2.2,2.2,3.2,3.2,3.2,3.2,3.2,3.2,3.2,3.2,3.2,0,8649724,3.2,3.2,100.0,100,False,False,False
10-02-2021,12:59:07,-92.80000000000001,23,22,67,22,22,23,23,23,22,22,38.42,0,3.2,3.2,3.2,2.2,2.2,3.2,3.2,3.2,3.2,3.2,3.2,3.2,3.2,3.2,0,8874049,3.2,3.2,100.0,100,-90.30000000000001,23,22,67,22,22,22,23,23,22,22,38.4,0,3.2,3.2,3.2,2.2,2.2,3.2,3.2,3.2,3.2,3.2,3.2,3.2,3.2,3.2,0,8649992,3.2,3.2,100.0,100,False,False,False
10-02-2021,12:59:10,-92.80000000000001,23,22,3,22,22,23,23,23,22,22,38.42,0,3.2,3.2,3.2,2.2,2.2,3.2,3.2,3.2,3.2,3.2,3.2,3.2,3.2,3.2,0,8874234,3.2,3.2,100.0,100,-90.30000000000001,23,22,3,22,22,22,23,23,22,22,38.410000000000004,0,3.2,3.2,3.2,2.2,2.2,3.2,3.2,3.2,3.2,3.2,3.2,3.2,3.2,3.2,0,8650261,3.2,3.2,100.0,100,False,False,False
10-02-2021,12:59:13,-92.7,23,22,67,22,22,23,23,23,22,22,38.410000000000004,0,3.2,3.2,3.2,2.2,2.2,3.2,3.2,3.2,3.2,3.2,3.2,3.2,3.2,3.2,0,8874603,3.2,3.2,100.0,100,-90.2,23,22,67,22,22,22,23,23,22,22,38.4,0,3.2,3.2,3.2,2.2,2.2,3.2,3.2,3.2,3.2,3.2,3.2,3.2,3.2,3.2,0,8650530,3.2,3.2,100.0,100,False,False,False
10-02-2021,12:59:16,-92.80000000000001,23,22,3,22,22,23,23,23,22,22,38.410000000000004,0,3.2,3.2,3.2,2.2,2.2,3.2,3.2,3.2,3.2,3.2,3.2,3.2,3.2,3.2,0,8874880,3.2,3.2,100.0,100,-90.30000000000001,23,22,3,22,22,22,23,23,22,22,38.410000000000004,0,3.2,3.2,3.2,2.2,2.2,3.2,3.2,3.2,3.2,3.2,3.2,3.2,3.2,3.2,0,8650798,3.2,3.2,100.0,100,False,False,False
10-02-2021,12:59:19,-92.80000000000001,23,22,67,22,22,23,23,23,22,22,38.410000000000004,0,3.2,3.2,3.2,2.2,2.2,3.2,3.2,3.2,3.2,3.2,3.2,3.2,3.2,3.2,0,8875156,3.2,3.2,100.0,100,-90.2,23,22,67,22,22,22,23,23,22,22,38.410000000000004,0,3.2,3.2,3.2,2.2,2.2,3.2,3.2,3.2,3.2,3.2,3.2,3.2,3.2,3.2,0,8651067,3.2,3.2,100.0,100,False,False,False
10-02-2021,12:59:22,-92.80000000000001,23,22,3,22,22,23,23,23,22,22,38.410000000000004,0,3.2,3.2,3.2,2.2,2.2,3.2,3.2,3.2,3.2,3.2,3.2,3.2,3.2,3.2,0,8875433,3.2,3.2,100.0,100,-90.2,23,22,3,22,22,22,23,23,22,22,38.4,0,3.2,3.2,3.2,2.2,2.2,3.2,3.2,3.2,3.2,3.2,3.2,3.2,3.2,3.2,0,8651335,3.2,3.2,100.0,100,False,False,False
10-02-2021,12:59:25,-92.80000000000001,23,22,67,22,22,23,23,23,22,22,38.42,0,3.2,3.2,3.2,2.2,2.2,3.2,3.2,3.2,3.2,3.2,3.2,3.2,3.2,3.2,0,8875710,3.2,3.2,100.0,100,-90.2,23,22,67,22,22,22,23,23,22,22,38.410000000000004,0,3.2,3.2,3.2,2.2,2.2,3.2,3.2,3.2,3.2,3.2,3.2,3.2,3.2,3.2,0,8651604,3.2,3.2,100.0,100,False,False,False
10-02-2021,12:59:28,-92.80000000000001,23,22,3,22,22,23,23,23,22,22,38.410000000000004,0,3.2,3.2,3.2,2.2,2.2,3.2,3.2,3.2,3.2,3.2,3.2,3.2,3.2,3.2,0,8875989,3.2,3.2,100.0,100,-90.2,23,22,3,22,22,22,23,23,22,22,38.410000000000004,0,3.2,3.2,3.2,2.2,2.2,3.2,3.2,3.2,3.2,3.2,3.2,3.2,3.2,3.2,0,8651962,3.2,3.2,100.0,100,False,False,False
10-02-2021,12:59:31,-92.80000000000001,23,22,67,22,22,23,23,23,22,22,38.410000000000004,0,3.2,3.2,3.2,2.2,2.2,3.2,3.2,3.2,3.2,3.2,3.2,3.2,3.2,3.2,0,8876173,3.2,3.2,100.0,100,-90.2,23,22,67,22,22,22,23,23,22,22,38.4,0,3.2,3.2,3.2,2.2,2.2,3.2,3.2,3.2,3.2,3.2,3.2,3.2,3.2,3.2,0,8652141,3.2,3.2,100.0,100,False,False,False
10-02-2021,12:59:34,-92.80000000000001,23,22,3,22,22,23,23,23,22,22,38.410000000000004,0,3.2,3.2,3.2,2.2,2.2,3.2,3.2,3.2,3.2,3.2,3.2,3.2,3.2,3.2,0,8876450,3.2,3.2,100.0,100,-90.30000000000001,23,22,3,22,22,22,23,23,22,22,38.4,0,3.2,3.2,3.2,2.2,2.2,3.2,3.2,3.2,3.2,3.2,3.2,3.2,3.2,3.2,0,8652410,3.2,3.2,100.0,100,False,False,False
10-02-2021,12:59:37,-92.9,23,22,67,22,22,23,23,23,22,22,38.410000000000004,0,3.2,3.2,3.2,2.2,2.2,3.2,3.2,3.2,3.2,3.2,3.2,3.2,3.2,3.2,0,8876726,3.2,3.2,100.0,100,-90.30000000000001,23,22,67,22,22,22,23,23,22,22,38.4,0,3.2,3.2,3.2,2.2,2.2,3.2,3.2,3.2,3.2,3.2,3.2,3.2,3.2,3.2,0,8652678,3.2,3.2,100.0,100,False,False,False
10-02-2021,12:59:40,-92.80000000000001,23,22,3,22,22,23,23,23,22,22,38.42,0,3.2,3.2,3.2,2.2,2.2,3.2,3.2,3.2,3.2,3.2,3.2,3.2,3.2,3.2,0,8877003,3.2,3.2,100.0,100,-90.2,23,22,3,22,22,22,23,23,22,22,38.4,0,3.2,3.2,3.2,2.2,2.2,3.2,3.2,3.2,3.2,3.2,3.2,3.2,3.2,3.2,0,8652947,3.2,3.2,100.0,100,False,False,False
10-02-2021,12:59:43,-92.9,23,22,67,22,22,23,23,23,22,22,38.410000000000004,0,3.2,3.2,3.2,2.2,2.2,3.2,3.2,3.2,3.2,3.2,3.2,3.2,3.2,3.2,0,8877372,3.2,3.2,100.0,100,-90.30000000000001,23,22,67,22,22,22,23,23,22,22,38.4,0,3.2,3.2,3.2,2.2,2.2,3.2,3.2,3.2,3.2,3.2,3.2,3.2,3.2,3.2,0,8653216,3.2,3.2,100.0,100,False,False,False
10-02-2021,12:59:46,-92.80000000000001,23,22,3,22,22,23,23,23,22,22,38.410000000000004,0,3.2,3.2,3.2,2.2,2.2,3.2,3.2,3.2,3.2,3.2,3.2,3.2,3.2,3.2,0,8877649,3.2,3.2,100.0,100,-90.2,23,22,3,22,22,22,23,23,22,22,38.410000000000004,0,3.2,3.2,3.2,2.2,2.2,3.2,3.2,3.2,3.2,3.2,3.2,3.2,3.2,3.2,0,8653484,3.2,3.2,100.0,100,False,False,False
10-02-2021,12:59:49,-92.9,23,22,67,22,22,23,23,23,22,22,38.410000000000004,0,3.2,3.2,3.2,2.2,2.2,3.2,3.2,3.2,3.2,3.2,3.2,3.2,3.2,3.2,0,8877926,3.2,3.2,100.0,100,-90.2,23,22,67,22,22,22,23,23,22,22,38.4,0,3.2,3.2,3.2,2.2,2.2,3.2,3.2,3.2,3.2,3.2,3.2,3.2,3.2,3.2,0,8653752,3.2,3.2,100.0,100,False,False,False
10-02-2021,12:59:52,-92.80000000000001,23,22,3,22,22,23,23,23,22,22,38.410000000000004,0,3.2,3.2,3.2,2.2,2.2,3.2,3.2,3.2,3.2,3.2,3.2,3.2,3.2,3.2,0,8878202,3.2,3.2,100.0,100,-90.2,23,22,3,22,22,22,23,23,22,22,38.4,0,3.2,3.2,3.2,2.2,2.2,3.2,3.2,3.2,3.2,3.2,3.2,3.2,3.2,3.2,0,8654021,3.2,3.2,100.0,100,False,False,False
10-02-2021,12:59:55,-92.7,23,22,67,22,22,23,23,23,22,22,38.42,0,3.2,3.2,3.2,2.2,2.2,3.2,3.2,3.2,3.2,3.2,3.2,3.2,3.2,3.2,0,8878479,3.2,3.2,100.0,100,-90.30000000000001,23,22,67,22,22,22,23,23,22,22,38.4,0,3.2,3.2,3.2,2.2,2.2,3.2,3.2,3.2,3.2,3.2,3.2,3.2,3.2,3.2,0,8654290,3.2,3.2,100.0,100,False,False,False
10-02-2021,12:59:58,-92.9,23,22,3,22,22,23,23,23,22,22,38.410000000000004,0,3.2,3.2,3.2,2.2,2.2,3.2,3.2,3.2,3.2,3.2,3.2,3.2,3.2,3.2,0,8878756,3.2,3.2,100.0,100,-90.2,23,22,3,22,22,22,23,23,22,22,38.4,0,3.2,3.2,3.2,2.2,2.2,3.2,3.2,3.2,3.2,3.2,3.2,3.2,3.2,3.2,0,8654558,3.2,3.2,100.0,100,False,False,False
10-02-2021,13:00:01,-92.80000000000001,23,22,67,22,22,23,23,23,22,22,38.410000000000004,0,3.2,3.2,3.2,2.2,2.2,3.2,3.2,3.2,3.2,3.2,3.2,3.2,3.2,3.2,0,8879033,3.2,3.2,100.0,100,-90.2,23,22,67,22,22,22,23,23,22,22,38.4,0,3.2,3.2,3.2,2.2,2.2,3.2,3.2,3.2,3.2,3.2,3.2,3.2,3.2,3.2,0,8654827,3.2,3.2,100.0,100,False,False,False
10-02-2021,13:00:04,-92.9,23,22,3,22,22,23,23,23,22,22,38.42,0,3.2,3.2,3.2,2.2,2.2,3.2,3.2,3.2,3.2,3.2,3.2,3.2,3.2,3.2,0,8879310,3.2,3.2,100.0,100,-90.2,23,22,3,22,22,22,23,23,22,22,38.4,0,3.2,3.2,3.2,2.2,2.2,3.2,3.2,3.2,3.2,3.2,3.2,3.2,3.2,3.2,0,8655095,3.2,3.2,100.0,100,False,False,False
10-02-2021,13:00:07,-92.9,23,22,67,22,22,23,23,23,22,22,38.410000000000004,0,3.2,3.2,3.2,2.2,2.2,3.2,3.2,3.2,3.2,3.2,3.2,3.2,3.2,3.2,0,8879587,3.2,3.2,100.0,100,-90.2,23,22,67,22,22,22,23,23,22,22,38.4,0,3.2,3.2,3.2,2.2,2.2,3.2,3.2,3.2,3.2,3.2,3.2,3.2,3.2,3.2,0,8655364,3.2,3.2,100.0,100,False,False,False
10-02-2021,13:00:10,-92.80000000000001,23,22,3,22,22,23,23,23,22,22,38.410000000000004,0,3.2,3.2,3.2,2.2,2.2,3.2,3.2,3.2,3.2,3.2,3.2,3.2,3.2,3.2,0,8879864,3.2,3.2,100.0,100,-90.2,23,22,3,22,22,22,23,23,22,22,38.4,0,3.2,3.2,3.2,2.2,2.2,3.2,3.2,3.2,3.2,3.2,3.2,3.2,3.2,3.2,0,8655633,3.2,3.2,100.0,100,False,False,False
10-02-2021,13:00:13,-92.80000000000001,23,22,67,22,22,23,23,23,22,22,38.410000000000004,0,3.2,3.2,3.2,2.2,2.2,3.2,3.2,3.2,3.2,3.2,3.2,3.2,3.2,3.2,0,8880141,3.2,3.2,100.0,100,-90.2,23,22,67,22,22,22,23,23,22,22,38.4,0,3.2,3.2,3.2,2.2,2.2,3.2,3.2,3.2,3.2,3.2,3.2,3.2,3.2,3.2,0,8655901,3.2,3.2,100.0,100,False,False,False
10-02-2021,13:00:16,-92.80000000000001,23,22,3,22,22,23,23,23,22,22,38.410000000000004,0,3.2,3.2,3.2,2.2,2.2,3.2,3.2,3.2,3.2,3.2,3.2,3.2,3.2,3.2,0,8880417,3.2,3.2,100.0,100,-90.2,23,22,3,22,22,22,23,23,22,22,38.4,0,3.2,3.2,3.2,2.2,2.2,3.2,3.2,3.2,3.2,3.2,3.2,3.2,3.2,3.2,0,8656170,3.2,3.2,100.0,100,False,False,False
10-02-2021,13:00:19,-92.80000000000001,23,22,67,22,22,23,23,23,22,22,38.410000000000004,0,3.2,3.2,3.2,2.2,2.2,3.2,3.2,3.2,3.2,3.2,3.2,3.2,3.2,3.2,0,8880694,3.2,3.2,100.0,100,-90.2,23,22,67,22,22,22,23,23,22,22,38.4,0,3.2,3.2,3.2,2.2,2.2,3.2,3.2,3.2,3.2,3.2,3.2,3.2,3.2,3.2,0,8656438,3.2,3.2,100.0,100,False,False,False
10-02-2021,13:00:22,-92.80000000000001,23,22,3,22,22,23,23,23,22,22,38.410000000000004,0,3.2,3.2,3.2,2.2,2.2,3.2,3.2,3.2,3.2,3.2,3.2,3.2,3.2,3.2,0,8880971,3.2,3.2,100.0,100,-90.2,23,22,3,22,22,22,23,23,22,22,38.4,0,3.2,3.2,3.2,2.2,2.2,3.2,3.2,3.2,3.2,3.2,3.2,3.2,3.2,3.2,0,8656707,3.2,3.2,100.0,100,False,False,False
10-02-2021,13:00:25,-92.80000000000001,23,22,67,22,22,23,23,23,22,22,38.410000000000004,0,3.2,3.2,3.2,2.2,2.2,3.2,3.2,3.2,3.2,3.2,3.2,3.2,3.2,3.2,0,8881248,3.2,3.2,100.0,100,-90.30000000000001,23,22,67,22,22,22,23,23,22,22,38.410000000000004,0,3.2,3.2,3.2,2.2,2.2,3.2,3.2,3.2,3.2,3.2,3.2,3.2,3.2,3.2,0,8656976,3.2,3.2,100.0,100,False,False,False
10-02-2021,13:00:28,-92.80000000000001,23,22,3,22,22,23,23,23,22,22,38.410000000000004,0,3.2,3.2,3.2,2.2,2.2,3.2,3.2,3.2,3.2,3.2,3.2,3.2,3.2,3.2,0,8881525,3.2,3.2,100.0,100,-90.2,23,22,3,22,22,22,23,23,22,22,38.4,0,3.2,3.2,3.2,2.2,2.2,3.2,3.2,3.2,3.2,3.2,3.2,3.2,3.2,3.2,0,8657244,3.2,3.2,100.0,100,False,False,False
10-02-2021,13:00:31,-92.80000000000001,23,22,67,22,22,23,23,23,22,22,38.410000000000004,0,3.2,3.2,3.2,2.2,2.2,3.2,3.2,3.2,3.2,3.2,3.2,3.2,3.2,3.2,0,8881802,3.2,3.2,100.0,100,-90.30000000000001,23,22,67,22,22,22,23,23,22,22,38.4,0,3.2,3.2,3.2,2.2,2.2,3.2,3.2,3.2,3.2,3.2,3.2,3.2,3.2,3.2,0,8657513,3.2,3.2,100.0,100,False,False,False
10-02-2021,13:00:34,-92.80000000000001,23,22,3,22,22,23,23,23,22,22,38.410000000000004,0,3.2,3.2,3.2,2.2,2.2,3.2,3.2,3.2,3.2,3.2,3.2,3.2,3.2,3.2,0,8882079,3.2,3.2,100.0,100,-90.30000000000001,23,22,3,22,22,22,23,23,22,22,38.4,0,3.2,3.2,3.2,2.2,2.2,3.2,3.2,3.2,3.2,3.2,3.2,3.2,3.2,3.2,0,8657782,3.2,3.2,100.0,100,False,False,False
10-02-2021,13:00:37,-92.80000000000001,23,22,67,22,22,23,23,23,22,22,38.410000000000004,0,3.2,3.2,3.2,2.2,2.2,3.2,3.2,3.2,3.2,3.2,3.2,3.2,3.2,3.2,0,8882356,3.2,3.2,100.0,100,-90.2,23,22,67,22,22,22,23,23,22,22,38.4,0,3.2,3.2,3.2,2.2,2.2,3.2,3.2,3.2,3.2,3.2,3.2,3.2,3.2,3.2,0,8658050,3.2,3.2,100.0,100,False,False,False
10-02-2021,13:00:40,-92.80000000000001,23,22,3,22,22,23,23,23,22,22,38.410000000000004,0,3.2,3.2,3.2,2.2,2.2,3.2,3.2,3.2,3.2,3.2,3.2,3.2,3.2,3.2,0,8882633,3.2,3.2,100.0,100,-90.30000000000001,23,22,3,22,22,22,23,23,22,22,38.4,0,3.2,3.2,3.2,2.2,2.2,3.2,3.2,3.2,3.2,3.2,3.2,3.2,3.2,3.2,0,8658319,3.2,3.2,100.0,100,False,False,False
10-02-2021,13:00:43,-92.9,23,22,67,22,22,23,23,23,22,22,38.410000000000004,0,3.2,3.2,3.2,2.2,2.2,3.2,3.2,3.2,3.2,3.2,3.2,3.2,3.2,3.2,0,8882910,3.2,3.2,100.0,100,-90.2,23,22,67,22,22,22,23,23,22,22,38.4,0,3.2,3.2,3.2,2.2,2.2,3.2,3.2,3.2,3.2,3.2,3.2,3.2,3.2,3.2,0,8658588,3.2,3.2,100.0,100,False,False,False
10-02-2021,13:00:46,-92.80000000000001,23,22,3,22,22,23,23,23,22,22,38.410000000000004,0,3.2,3.2,3.2,2.2,2.2,3.2,3.2,3.2,3.2,3.2,3.2,3.2,3.2,3.2,0,8883187,3.2,3.2,100.0,100,-90.30000000000001,23,22,3,22,22,22,23,23,22,22,38.4,0,3.2,3.2,3.2,2.2,2.2,3.2,3.2,3.2,3.2,3.2,3.2,3.2,3.2,3.2,0,8658857,3.2,3.2,100.0,100,False,False,False
10-02-2021,13:00:49,-92.80000000000001,23,22,67,22,22,23,23,23,22,22,38.410000000000004,0,3.2,3.2,3.2,2.2,2.2,3.2,3.2,3.2,3.2,3.2,3.2,3.2,3.2,3.2,0,8883463,3.2,3.2,100.0,100,-90.30000000000001,23,22,67,22,22,22,23,23,22,22,38.4,0,3.2,3.2,3.2,2.2,2.2,3.2,3.2,3.2,3.2,3.2,3.2,3.2,3.2,3.2,0,8659125,3.2,3.2,100.0,100,False,False,False
10-02-2021,13:00:52,-92.80000000000001,23,22,3,22,22,23,23,23,22,22,38.42,0,3.2,3.2,3.2,2.2,2.2,3.2,3.2,3.2,3.2,3.2,3.2,3.2,3.2,3.2,0,8883741,3.2,3.2,100.0,100,-90.2,23,22,3,22,22,22,23,23,22,22,38.4,0,3.2,3.2,3.2,2.2,2.2,3.2,3.2,3.2,3.2,3.2,3.2,3.2,3.2,3.2,0,8659394,3.2,3.2,100.0,100,False,False,False
10-02-2021,13:00:55,-92.80000000000001,23,22,67,22,22,23,23,23,22,22,38.410000000000004,0,3.2,3.2,3.2,2.2,2.2,3.2,3.2,3.2,3.2,3.2,3.2,3.2,3.2,3.2,0,8884017,3.2,3.2,100.0,100,-90.30000000000001,23,22,67,22,22,22,23,23,22,22,38.4,0,3.2,3.2,3.2,2.2,2.2,3.2,3.2,3.2,3.2,3.2,3.2,3.2,3.2,3.2,0,8659662,3.2,3.2,100.0,100,False,False,False
10-02-2021,13:00:58,-92.80000000000001,23,22,3,22,22,23,23,23,22,22,38.410000000000004,0,3.2,3.2,3.2,2.2,2.2,3.2,3.2,3.2,3.2,3.2,3.2,3.2,3.2,3.2,0,8884295,3.2,3.2,100.0,100,-90.30000000000001,23,22,3,22,22,22,23,23,22,22,38.4,0,3.2,3.2,3.2,2.2,2.2,3.2,3.2,3.2,3.2,3.2,3.2,3.2,3.2,3.2,0,8659931,3.2,3.2,100.0,100,False,False,False
10-02-2021,13:01:01,-92.80000000000001,23,22,67,22,22,23,23,23,22,22,38.410000000000004,0,3.2,3.2,3.2,2.2,2.2,3.2,3.2,3.2,3.2,3.2,3.2,3.2,3.2,3.2,0,8884571,3.2,3.2,100.0,100,-90.30000000000001,23,22,67,22,22,22,23,23,22,22,38.4,0,3.2,3.2,3.2,2.2,2.2,3.2,3.2,3.2,3.2,3.2,3.2,3.2,3.2,3.2,0,8660200,3.2,3.2,100.0,100,False,False,False
10-02-2021,13:01:04,-92.80000000000001,23,22,3,22,22,23,23,23,22,22,38.410000000000004,0,3.2,3.2,3.2,2.2,2.2,3.2,3.2,3.2,3.2,3.2,3.2,3.2,3.2,3.2,0,8884848,3.2,3.2,100.0,100,-90.30000000000001,23,22,3,22,22,22,23,23,22,22,38.4,0,3.2,3.2,3.2,2.2,2.2,3.2,3.2,3.2,3.2,3.2,3.2,3.2,3.2,3.2,0,8660469,3.2,3.2,100.0,100,False,False,False
10-02-2021,13:01:07,-92.9,23,22,67,22,22,23,23,23,22,22,38.410000000000004,0,3.2,3.2,3.2,2.2,2.2,3.2,3.2,3.2,3.2,3.2,3.2,3.2,3.2,3.2,0,8885125,3.2,3.2,100.0,100,-90.30000000000001,23,22,67,22,22,22,23,23,22,22,38.4,0,3.2,3.2,3.2,2.2,2.2,3.2,3.2,3.2,3.2,3.2,3.2,3.2,3.2,3.2,0,8660737,3.2,3.2,100.0,100,False,False,False
10-02-2021,13:01:10,-92.80000000000001,23,22,3,22,22,23,23,23,22,22,38.410000000000004,0,3.2,3.2,3.2,2.2,2.2,3.2,3.2,3.2,3.2,3.2,3.2,3.2,3.2,3.2,0,8885403,3.2,3.2,100.0,100,-90.2,23,22,3,22,22,22,23,23,22,22,38.4,0,3.2,3.2,3.2,2.2,2.2,3.2,3.2,3.2,3.2,3.2,3.2,3.2,3.2,3.2,0,8661006,3.2,3.2,100.0,100,False,False,False
10-02-2021,13:01:13,-92.9,23,22,67,22,22,23,23,23,22,22,38.410000000000004,0,3.2,3.2,3.2,2.2,2.2,3.2,3.2,3.2,3.2,3.2,3.2,3.2,3.2,3.2,0,8885587,3.2,3.2,100.0,100,-90.30000000000001,23,22,67,22,22,22,23,23,22,22,38.4,0,3.2,3.2,3.2,2.2,2.2,3.2,3.2,3.2,3.2,3.2,3.2,3.2,3.2,3.2,0,8661275,3.2,3.2,100.0,100,False,False,False
10-02-2021,13:01:16,-92.9,23,22,3,22,22,23,23,23,22,22,38.410000000000004,0,3.2,3.2,3.2,2.2,2.2,3.2,3.2,3.2,3.2,3.2,3.2,3.2,3.2,3.2,0,8885864,3.2,3.2,100.0,100,-90.2,23,22,3,22,22,22,23,23,22,22,38.4,0,3.2,3.2,3.2,2.2,2.2,3.2,3.2,3.2,3.2,3.2,3.2,3.2,3.2,3.2,0,8661543,3.2,3.2,100.0,100,False,False,False
10-02-2021,13:01:19,-92.9,23,22,67,22,22,23,23,23,22,22,38.410000000000004,0,3.2,3.2,3.2,2.2,2.2,3.2,3.2,3.2,3.2,3.2,3.2,3.2,3.2,3.2,0,8886141,3.2,3.2,100.0,100,-90.30000000000001,23,22,67,22,22,22,23,23,22,22,38.4,0,3.2,3.2,3.2,2.2,2.2,3.2,3.2,3.2,3.2,3.2,3.2,3.2,3.2,3.2,0,8661812,3.2,3.2,100.0,100,False,False,False
10-02-2021,13:01:22,-92.9,23,22,3,22,22,23,23,23,22,22,38.410000000000004,0,3.2,3.2,3.2,2.2,2.2,3.2,3.2,3.2,3.2,3.2,3.2,3.2,3.2,3.2,0,8886510,3.2,3.2,100.0,100,-90.30000000000001,23,22,3,22,22,22,23,23,22,22,38.4,0,3.2,3.2,3.2,2.2,2.2,3.2,3.2,3.2,3.2,3.2,3.2,3.2,3.2,3.2,0,8662080,3.2,3.2,100.0,100,False,False,False
10-02-2021,13:01:25,-92.9,23,22,67,22,22,23,23,23,22,22,38.410000000000004,0,3.2,3.2,3.2,2.2,2.2,3.2,3.2,3.2,3.2,3.2,3.2,3.2,3.2,3.2,0,8886787,3.2,3.2,100.0,100,-90.30000000000001,23,22,67,22,22,22,23,23,22,22,38.4,0,3.2,3.2,3.2,2.2,2.2,3.2,3.2,3.2,3.2,3.2,3.2,3.2,3.2,3.2,0,8662349,3.2,3.2,100.0,100,False,False,False
10-02-2021,13:01:28,-92.80000000000001,23,22,3,22,22,23,23,23,22,22,38.410000000000004,0,3.2,3.2,3.2,2.2,2.2,3.2,3.2,3.2,3.2,3.2,3.2,3.2,3.2,3.2,0,8886971,3.2,3.2,100.0,100,-90.2,23,22,3,22,22,22,23,23,22,22,38.4,0,3.2,3.2,3.2,2.2,2.2,3.2,3.2,3.2,3.2,3.2,3.2,3.2,3.2,3.2,0,8662618,3.2,3.2,100.0,100,False,False,False
10-02-2021,13:01:31,-92.80000000000001,23,22,67,22,22,23,23,23,22,22,38.410000000000004,0,3.2,3.2,3.2,2.2,2.2,3.2,3.2,3.2,3.2,3.2,3.2,3.2,3.2,3.2,0,8887340,3.2,3.2,100.0,100,-90.2,23,22,67,22,22,22,23,23,22,22,38.4,0,3.2,3.2,3.2,2.2,2.2,3.2,3.2,3.2,3.2,3.2,3.2,3.2,3.2,3.2,0,8662886,3.2,3.2,100.0,100,False,False,False
10-02-2021,13:01:33,-92.9,23,22,3,22,22,23,23,23,22,22,38.410000000000004,0,3.2,3.2,3.2,2.2,2.2,3.2,3.2,3.2,3.2,3.2,3.2,3.2,3.2,3.2,0,8887617,3.2,3.2,100.0,100,-90.30000000000001,23,22,3,22,22,22,23,23,22,22,38.4,0,3.2,3.2,3.2,2.2,2.2,3.2,3.2,3.2,3.2,3.2,3.2,3.2,3.2,3.2,0,8663155,3.2,3.2,100.0,100,False,False,False
10-02-2021,13:01:36,-92.9,23,22,67,22,22,23,23,23,22,22,38.410000000000004,0,3.2,3.2,3.2,2.2,2.2,3.2,3.2,3.2,3.2,3.2,3.2,3.2,3.2,3.2,0,8887801,3.2,3.2,100.0,100,-90.30000000000001,23,22,67,22,22,22,23,23,22,22,38.4,0,3.2,3.2,3.2,2.2,2.2,3.2,3.2,3.2,3.2,3.2,3.2,3.2,3.2,3.2,0,8663423,3.2,3.2,100.0,100,False,False,False
10-02-2021,13:01:39,-92.80000000000001,23,22,3,22,22,23,23,23,22,22,38.410000000000004,0,3.2,3.2,3.2,2.2,2.2,3.2,3.2,3.2,3.2,3.2,3.2,3.2,3.2,3.2,0,8888078,3.2,3.2,100.0,100,-90.30000000000001,23,22,3,22,22,22,23,23,22,22,38.4,0,3.2,3.2,3.2,2.2,2.2,3.2,3.2,3.2,3.2,3.2,3.2,3.2,3.2,3.2,0,8663692,3.2,3.2,100.0,100,False,False,False
10-02-2021,13:01:42,-92.9,23,22,67,22,22,23,23,23,22,22,38.410000000000004,0,3.2,3.2,3.2,2.2,2.2,3.2,3.2,3.2,3.2,3.2,3.2,3.2,3.2,3.2,0,8888354,3.2,3.2,100.0,100,-90.2,23,22,67,22,22,22,23,23,22,22,38.4,0,3.2,3.2,3.2,2.2,2.2,3.2,3.2,3.2,3.2,3.2,3.2,3.2,3.2,3.2,0,8663961,3.2,3.2,100.0,100,False,False,False
10-02-2021,13:01:45,-92.80000000000001,23,22,3,22,22,23,23,23,22,22,38.410000000000004,0,3.2,3.2,3.2,2.2,2.2,3.2,3.2,3.2,3.2,3.2,3.2,3.2,3.2,3.2,0,8888631,3.2,3.2,100.0,100,-90.30000000000001,23,22,3,22,22,22,23,23,22,22,38.4,0,3.2,3.2,3.2,2.2,2.2,3.2,3.2,3.2,3.2,3.2,3.2,3.2,3.2,3.2,0,8664229,3.2,3.2,100.0,100,False,False,False
10-02-2021,13:01:48,-92.80000000000001,23,22,67,22,22,23,23,23,22,22,38.410000000000004,0,3.2,3.2,3.2,2.2,2.2,3.2,3.2,3.2,3.2,3.2,3.2,3.2,3.2,3.2,0,8888907,3.2,3.2,100.0,100,-90.30000000000001,23,22,67,22,22,22,23,23,22,22,38.4,0,3.2,3.2,3.2,2.2,2.2,3.2,3.2,3.2,3.2,3.2,3.2,3.2,3.2,3.2,0,8664497,3.2,3.2,100.0,100,False,False,False
10-02-2021,13:01:51,-92.80000000000001,23,22,3,22,22,23,23,23,22,22,38.410000000000004,0,3.2,3.2,3.2,2.2,2.2,3.2,3.2,3.2,3.2,3.2,3.2,3.2,3.2,3.2,0,8889183,3.2,3.2,100.0,100,-90.30000000000001,23,22,3,22,22,22,23,23,22,22,38.4,0,3.2,3.2,3.2,2.2,2.2,3.2,3.2,3.2,3.2,3.2,3.2,3.2,3.2,3.2,0,8664766,3.2,3.2,100.0,100,False,False,False
10-02-2021,13:01:54,-92.80000000000001,23,22,67,22,22,23,23,23,22,22,38.410000000000004,0,3.2,3.2,3.2,2.2,2.2,3.2,3.2,3.2,3.2,3.2,3.2,3.2,3.2,3.2,0,8889460,3.2,3.2,100.0,100,-90.2,23,22,67,22,22,22,23,23,22,22,38.4,0,3.2,3.2,3.2,2.2,2.2,3.2,3.2,3.2,3.2,3.2,3.2,3.2,3.2,3.2,0,8665035,3.2,3.2,100.0,100,False,False,False
10-02-2021,13:01:57,-92.9,23,22,3,22,22,23,23,23,22,22,38.410000000000004,0,3.2,3.2,3.2,2.2,2.2,3.2,3.2,3.2,3.2,3.2,3.2,3.2,3.2,3.2,0,8889736,3.2,3.2,100.0,100,-90.2,23,22,3,22,22,22,23,23,22,22,38.4,0,3.2,3.2,3.2,2.2,2.2,3.2,3.2,3.2,3.2,3.2,3.2,3.2,3.2,3.2,0,8665303,3.2,3.2,100.0,100,False,False,False
10-02-2021,13:02:00,-92.9,23,22,67,22,22,23,23,23,22,22,38.410000000000004,0,3.2,3.2,3.2,2.2,2.2,3.2,3.2,3.2,3.2,3.2,3.2,3.2,3.2,3.2,0,8890012,3.2,3.2,100.0,100,-90.30000000000001,23,22,67,22,22,22,23,23,22,22,38.4,0,3.2,3.2,3.2,2.2,2.2,3.2,3.2,3.2,3.2,3.2,3.2,3.2,3.2,3.2,0,8665572,3.2,3.2,100.0,100,False,False,False
10-02-2021,13:02:03,-92.80000000000001,23,22,3,22,22,23,23,23,22,22,38.410000000000004,0,3.2,3.2,3.2,2.2,2.2,3.2,3.2,3.2,3.2,3.2,3.2,3.2,3.2,3.2,0,8890289,3.2,3.2,100.0,100,-90.2,23,22,3,22,22,22,23,23,22,22,38.4,0,3.2,3.2,3.2,2.2,2.2,3.2,3.2,3.2,3.2,3.2,3.2,3.2,3.2,3.2,0,8665841,3.2,3.2,100.0,100,False,False,False
10-02-2021,13:02:06,-92.80000000000001,23,22,67,22,22,23,23,23,22,22,38.410000000000004,0,3.2,3.2,3.2,2.2,2.2,3.2,3.2,3.2,3.2,3.2,3.2,3.2,3.2,3.2,0,8890565,3.2,3.2,100.0,100,-90.2,23,22,67,22,22,22,23,23,22,22,38.4,0,3.2,3.2,3.2,2.2,2.2,3.2,3.2,3.2,3.2,3.2,3.2,3.2,3.2,3.2,0,8666109,3.2,3.2,100.0,100,False,False,False
10-02-2021,13:02:09,-92.80000000000001,23,22,3,22,22,23,23,23,22,22,38.410000000000004,0,3.2,3.2,3.2,2.2,2.2,3.2,3.2,3.2,3.2,3.2,3.2,3.2,3.2,3.2,0,8890841,3.2,3.2,100.0,100,-90.2,23,22,3,22,22,22,23,23,22,22,38.4,0,3.2,3.2,3.2,2.2,2.2,3.2,3.2,3.2,3.2,3.2,3.2,3.2,3.2,3.2,0,8666378,3.2,3.2,100.0,100,False,False,False
10-02-2021,13:02:12,-92.80000000000001,23,22,67,22,22,23,23,23,22,22,38.410000000000004,0,3.2,3.2,3.2,2.2,2.2,3.2,3.2,3.2,3.2,3.2,3.2,3.2,3.2,3.2,0,8891118,3.2,3.2,100.0,100,-90.30000000000001,23,22,67,22,22,22,23,23,22,22,38.4,0,3.2,3.2,3.2,2.2,2.2,3.2,3.2,3.2,3.2,3.2,3.2,3.2,3.2,3.2,0,8666646,3.2,3.2,100.0,100,False,False,False
10-02-2021,13:02:15,-92.80000000000001,23,22,3,22,22,23,23,23,22,22,38.410000000000004,0,3.2,3.2,3.2,2.2,2.2,3.2,3.2,3.2,3.2,3.2,3.2,3.2,3.2,3.2,0,8891394,3.2,3.2,100.0,100,-90.2,23,22,3,22,22,22,23,23,22,22,38.4,0,3.2,3.2,3.2,2.2,2.2,3.2,3.2,3.2,3.2,3.2,3.2,3.2,3.2,3.2,0,8666915,3.2,3.2,100.0,100,False,False,False
10-02-2021,13:02:18,-92.80000000000001,23,22,67,22,22,23,23,23,22,22,38.410000000000004,0,3.2,3.2,3.2,2.2,2.2,3.2,3.2,3.2,3.2,3.2,3.2,3.2,3.2,3.2,0,8891670,3.2,3.2,100.0,100,-90.2,23,22,67,22,22,22,23,23,22,22,38.4,0,3.2,3.2,3.2,2.2,2.2,3.2,3.2,3.2,3.2,3.2,3.2,3.2,3.2,3.2,0,8667183,3.2,3.2,100.0,100,False,False,False
10-02-2021,13:02:21,-92.80000000000001,23,22,3,22,22,23,23,23,22,22,38.410000000000004,0,3.2,3.2,3.2,2.2,2.2,3.2,3.2,3.2,3.2,3.2,3.2,3.2,3.2,3.2,0,8891947,3.2,3.2,100.0,100,-90.2,23,22,3,22,22,22,23,23,22,22,38.4,0,3.2,3.2,3.2,2.2,2.2,3.2,3.2,3.2,3.2,3.2,3.2,3.2,3.2,3.2,0,8667452,3.2,3.2,100.0,100,False,False,False
10-02-2021,13:02:24,-92.80000000000001,23,22,67,22,22,23,23,23,22,22,38.410000000000004,0,3.2,3.2,3.2,2.2,2.2,3.2,3.2,3.2,3.2,3.2,3.2,3.2,3.2,3.2,0,8892222,3.2,3.2,100.0,100,-90.30000000000001,23,22,67,22,22,22,23,23,22,22,38.4,0,3.2,3.2,3.2,2.2,2.2,3.2,3.2,3.2,3.2,3.2,3.2,3.2,3.2,3.2,0,8667720,3.2,3.2,100.0,100,False,False,False
10-02-2021,13:02:27,-92.80000000000001,23,22,3,22,22,23,23,23,22,22,38.410000000000004,0,3.2,3.2,3.2,2.2,2.2,3.2,3.2,3.2,3.2,3.2,3.2,3.2,3.2,3.2,0,8892499,3.2,3.2,100.0,100,-90.30000000000001,23,22,3,22,22,22,23,23,22,22,38.4,0,3.2,3.2,3.2,2.2,2.2,3.2,3.2,3.2,3.2,3.2,3.2,3.2,3.2,3.2,0,8667989,3.2,3.2,100.0,100,False,False,False
10-02-2021,13:02:30,-92.80000000000001,23,22,67,22,22,23,23,23,22,22,38.410000000000004,0,3.2,3.2,3.2,2.2,2.2,3.2,3.2,3.2,3.2,3.2,3.2,3.2,3.2,3.2,0,8892775,3.2,3.2,100.0,100,-90.2,23,22,67,22,22,22,23,23,22,22,38.4,0,3.2,3.2,3.2,2.2,2.2,3.2,3.2,3.2,3.2,3.2,3.2,3.2,3.2,3.2,0,8668257,3.2,3.2,100.0,100,False,False,False
10-02-2021,13:02:33,-92.80000000000001,23,22,3,22,22,23,23,23,22,22,38.410000000000004,0,3.2,3.2,3.2,2.2,2.2,3.2,3.2,3.2,3.2,3.2,3.2,3.2,3.2,3.2,0,8893051,3.2,3.2,100.0,100,-90.2,23,22,3,22,22,22,23,23,22,22,38.4,0,3.2,3.2,3.2,2.2,2.2,3.2,3.2,3.2,3.2,3.2,3.2,3.2,3.2,3.2,0,8668526,3.2,3.2,100.0,100,False,False,False
10-02-2021,13:02:36,-92.80000000000001,23,22,67,22,22,23,23,23,22,22,38.410000000000004,0,3.2,3.2,3.2,2.2,2.2,3.2,3.2,3.2,3.2,3.2,3.2,3.2,3.2,3.2,0,8893328,3.2,3.2,100.0,100,-90.2,23,22,67,22,22,22,23,23,22,22,38.4,0,3.2,3.2,3.2,2.2,2.2,3.2,3.2,3.2,3.2,3.2,3.2,3.2,3.2,3.2,0,8668795,3.2,3.2,100.0,100,False,False,False
10-02-2021,13:02:39,-92.7,23,22,3,22,22,23,23,23,22,22,38.410000000000004,0,3.2,3.2,3.2,2.2,2.2,3.2,3.2,3.2,3.2,3.2,3.2,3.2,3.2,3.2,0,8893604,3.2,3.2,100.0,100,-90.2,23,22,3,22,22,22,23,23,22,22,38.4,0,3.2,3.2,3.2,2.2,2.2,3.2,3.2,3.2,3.2,3.2,3.2,3.2,3.2,3.2,0,8669063,3.2,3.2,100.0,100,False,False,False
10-02-2021,13:02:42,-92.80000000000001,23,22,67,22,22,23,23,23,22,22,38.410000000000004,0,3.2,3.2,3.2,2.2,2.2,3.2,3.2,3.2,3.2,3.2,3.2,3.2,3.2,3.2,0,8893881,3.2,3.2,100.0,100,-90.2,23,22,67,22,22,22,23,23,22,22,38.4,0,3.2,3.2,3.2,2.2,2.2,3.2,3.2,3.2,3.2,3.2,3.2,3.2,3.2,3.2,0,8669331,3.2,3.2,100.0,100,False,False,False
10-02-2021,13:02:45,-92.80000000000001,23,22,3,22,22,23,23,23,22,22,38.410000000000004,0,3.2,3.2,3.2,2.2,2.2,3.2,3.2,3.2,3.2,3.2,3.2,3.2,3.2,3.2,0,8894157,3.2,3.2,100.0,100,-90.2,23,22,3,22,22,22,23,23,22,22,38.4,0,3.2,3.2,3.2,2.2,2.2,3.2,3.2,3.2,3.2,3.2,3.2,3.2,3.2,3.2,0,8669600,3.2,3.2,100.0,100,False,False,False
10-02-2021,13:02:48,-92.80000000000001,23,22,67,22,22,23,23,23,22,22,38.410000000000004,0,3.2,3.2,3.2,2.2,2.2,3.2,3.2,3.2,3.2,3.2,3.2,3.2,3.2,3.2,0,8894434,3.2,3.2,100.0,100,-90.30000000000001,23,22,67,22,22,22,23,23,22,22,38.4,0,3.2,3.2,3.2,2.2,2.2,3.2,3.2,3.2,3.2,3.2,3.2,3.2,3.2,3.2,0,8669869,3.2,3.2,100.0,100,False,False,False
10-02-2021,13:02:51,-92.80000000000001,23,22,3,22,22,23,23,23,22,22,38.410000000000004,0,3.2,3.2,3.2,2.2,2.2,3.2,3.2,3.2,3.2,3.2,3.2,3.2,3.2,3.2,0,8894710,3.2,3.2,100.0,100,-90.2,23,22,3,22,22,22,23,23,22,22,38.4,0,3.2,3.2,3.2,2.2,2.2,3.2,3.2,3.2,3.2,3.2,3.2,3.2,3.2,3.2,0,8670137,3.2,3.2,100.0,100,False,False,False
10-02-2021,13:02:54,-92.9,23,22,67,22,22,23,23,23,22,22,38.410000000000004,0,3.2,3.2,3.2,2.2,2.2,3.2,3.2,3.2,3.2,3.2,3.2,3.2,3.2,3.2,0,8894987,3.2,3.2,100.0,100,-90.2,23,22,67,22,22,22,23,23,22,22,38.4,0,3.2,3.2,3.2,2.2,2.2,3.2,3.2,3.2,3.2,3.2,3.2,3.2,3.2,3.2,0,8670406,3.2,3.2,100.0,100,False,False,False
10-02-2021,13:02:57,-92.9,23,22,3,22,22,23,23,23,22,22,38.410000000000004,0,3.2,3.2,3.2,2.2,2.2,3.2,3.2,3.2,3.2,3.2,3.2,3.2,3.2,3.2,0,8895263,3.2,3.2,100.0,100,-90.30000000000001,23,22,3,22,22,22,23,23,22,22,38.4,0,3.2,3.2,3.2,2.2,2.2,3.2,3.2,3.2,3.2,3.2,3.2,3.2,3.2,3.2,0,8670674,3.2,3.2,100.0,100,False,False,False
10-02-2021,13:03:00,-92.80000000000001,23,22,67,22,22,23,23,23,22,22,38.410000000000004,0,3.2,3.2,3.2,2.2,2.2,3.2,3.2,3.2,3.2,3.2,3.2,3.2,3.2,3.2,0,8895540,3.2,3.2,100.0,100,-90.2,23,22,67,22,22,22,23,23,22,22,38.4,0,3.2,3.2,3.2,2.2,2.2,3.2,3.2,3.2,3.2,3.2,3.2,3.2,3.2,3.2,0,8670943,3.2,3.2,100.0,100,False,False,False
10-02-2021,13:03:03,-92.80000000000001,23,22,3,22,22,23,23,23,22,22,38.410000000000004,0,3.2,3.2,3.2,2.2,2.2,3.2,3.2,3.2,3.2,3.2,3.2,3.2,3.2,3.2,0,8895816,3.2,3.2,100.0,100,-90.2,23,22,3,22,22,22,23,23,22,22,38.4,0,3.2,3.2,3.2,2.2,2.2,3.2,3.2,3.2,3.2,3.2,3.2,3.2,3.2,3.2,0,8671212,3.2,3.2,100.0,100,False,False,False
10-02-2021,13:03:06,-92.80000000000001,23,22,67,22,22,23,23,23,22,22,38.410000000000004,0,3.2,3.2,3.2,2.2,2.2,3.2,3.2,3.2,3.2,3.2,3.2,3.2,3.2,3.2,0,8896093,3.2,3.2,100.0,100,-90.30000000000001,23,22,67,22,22,22,23,23,22,22,38.4,0,3.2,3.2,3.2,2.2,2.2,3.2,3.2,3.2,3.2,3.2,3.2,3.2,3.2,3.2,0,8671480,3.2,3.2,100.0,100,False,False,False
10-02-2021,13:03:09,-92.80000000000001,23,22,3,22,22,23,23,23,22,22,38.410000000000004,0,3.2,3.2,3.2,2.2,2.2,3.2,3.2,3.2,3.2,3.2,3.2,3.2,3.2,3.2,0,8896369,3.2,3.2,100.0,100,-90.30000000000001,23,22,3,22,22,22,23,23,22,22,38.4,0,3.2,3.2,3.2,2.2,2.2,3.2,3.2,3.2,3.2,3.2,3.2,3.2,3.2,3.2,0,8671748,3.2,3.2,100.0,100,False,False,False
10-02-2021,13:03:12,-92.80000000000001,23,22,67,22,22,23,23,23,22,22,38.410000000000004,0,3.2,3.2,3.2,2.2,2.2,3.2,3.2,3.2,3.2,3.2,3.2,3.2,3.2,3.2,0,8896646,3.2,3.2,100.0,100,-90.30000000000001,23,22,67,22,22,22,23,23,22,22,38.4,0,3.2,3.2,3.2,2.2,2.2,3.2,3.2,3.2,3.2,3.2,3.2,3.2,3.2,3.2,0,8672017,3.2,3.2,100.0,100,False,False,False
10-02-2021,13:03:15,-92.80000000000001,23,22,3,22,22,23,23,23,22,22,38.410000000000004,0,3.2,3.2,3.2,2.2,2.2,3.2,3.2,3.2,3.2,3.2,3.2,3.2,3.2,3.2,0,8896922,3.2,3.2,100.0,100,-90.2,23,22,3,22,22,22,23,23,22,22,38.4,0,3.2,3.2,3.2,2.2,2.2,3.2,3.2,3.2,3.2,3.2,3.2,3.2,3.2,3.2,0,8672286,3.2,3.2,100.0,100,False,False,False
10-02-2021,13:03:18,-92.80000000000001,23,22,67,22,22,23,23,23,22,22,38.410000000000004,0,3.2,3.2,3.2,2.2,2.2,3.2,3.2,3.2,3.2,3.2,3.2,3.2,3.2,3.2,0,8897199,3.2,3.2,100.0,100,-90.30000000000001,23,22,67,22,22,22,23,23,22,22,38.4,0,3.2,3.2,3.2,2.2,2.2,3.2,3.2,3.2,3.2,3.2,3.2,3.2,3.2,3.2,0,8672554,3.2,3.2,100.0,100,False,False,False
10-02-2021,13:03:21,-92.80000000000001,23,22,3,22,22,23,23,23,22,22,38.410000000000004,0,3.2,3.2,3.2,2.2,2.2,3.2,3.2,3.2,3.2,3.2,3.2,3.2,3.2,3.2,0,8897475,3.2,3.2,100.0,100,-90.30000000000001,23,22,3,22,22,22,23,23,22,22,38.4,0,3.2,3.2,3.2,2.2,2.2,3.2,3.2,3.2,3.2,3.2,3.2,3.2,3.2,3.2,0,8672823,3.2,3.2,100.0,100,False,False,False
10-02-2021,13:03:24,-92.80000000000001,23,22,67,22,22,23,23,23,22,22,38.410000000000004,0,3.2,3.2,3.2,2.2,2.2,3.2,3.2,3.2,3.2,3.2,3.2,3.2,3.2,3.2,0,8897751,3.2,3.2,100.0,100,-90.30000000000001,23,22,67,22,22,22,23,23,22,22,38.4,0,3.2,3.2,3.2,2.2,2.2,3.2,3.2,3.2,3.2,3.2,3.2,3.2,3.2,3.2,0,8673091,3.2,3.2,100.0,100,False,False,False
10-02-2021,13:03:27,-92.80000000000001,23,22,3,22,22,23,23,23,22,22,38.410000000000004,0,3.2,3.2,3.2,2.2,2.2,3.2,3.2,3.2,3.2,3.2,3.2,3.2,3.2,3.2,0,8898028,3.2,3.2,100.0,100,-90.30000000000001,23,22,3,22,22,22,23,23,22,22,38.4,0,3.2,3.2,3.2,2.2,2.2,3.2,3.2,3.2,3.2,3.2,3.2,3.2,3.2,3.2,0,8673360,3.2,3.2,100.0,100,False,False,False
10-02-2021,13:03:30,-92.9,23,22,67,22,22,23,23,23,22,22,38.410000000000004,0,3.2,3.2,3.2,2.2,2.2,3.2,3.2,3.2,3.2,3.2,3.2,3.2,3.2,3.2,0,8898304,3.2,3.2,100.0,100,-90.2,23,22,67,22,22,22,23,23,22,22,38.4,0,3.2,3.2,3.2,2.2,2.2,3.2,3.2,3.2,3.2,3.2,3.2,3.2,3.2,3.2,0,8673628,3.2,3.2,100.0,100,False,False,False
10-02-2021,13:03:33,-92.80000000000001,23,22,3,22,22,23,23,23,22,22,38.410000000000004,0,3.2,3.2,3.2,2.2,2.2,3.2,3.2,3.2,3.2,3.2,3.2,3.2,3.2,3.2,0,8898581,3.2,3.2,100.0,100,-90.30000000000001,23,22,3,22,22,22,23,23,22,22,38.4,0,3.2,3.2,3.2,2.2,2.2,3.2,3.2,3.2,3.2,3.2,3.2,3.2,3.2,3.2,0,8673896,3.2,3.2,100.0,100,False,False,False
10-02-2021,13:03:36,-92.80000000000001,23,22,67,22,22,23,23,23,22,22,38.410000000000004,0,3.2,3.2,3.2,2.2,2.2,3.2,3.2,3.2,3.2,3.2,3.2,3.2,3.2,3.2,0,8898857,3.2,3.2,100.0,100,-90.2,23,22,67,22,22,22,23,23,22,22,38.4,0,3.2,3.2,3.2,2.2,2.2,3.2,3.2,3.2,3.2,3.2,3.2,3.2,3.2,3.2,0,8674165,3.2,3.2,100.0,100,False,False,False
10-02-2021,13:03:39,-92.80000000000001,23,22,3,22,22,23,23,23,22,22,38.410000000000004,0,3.2,3.2,3.2,2.2,2.2,3.2,3.2,3.2,3.2,3.2,3.2,3.2,3.2,3.2,0,8899134,3.2,3.2,100.0,100,-90.2,23,22,3,22,22,22,23,23,22,22,38.4,0,3.2,3.2,3.2,2.2,2.2,3.2,3.2,3.2,3.2,3.2,3.2,3.2,3.2,3.2,0,8674434,3.2,3.2,100.0,100,False,False,False
10-02-2021,13:03:42,-92.80000000000001,23,22,67,22,22,23,23,23,22,22,38.410000000000004,0,3.2,3.2,3.2,2.2,2.2,3.2,3.2,3.2,3.2,3.2,3.2,3.2,3.2,3.2,0,8899410,3.2,3.2,100.0,100,-90.30000000000001,23,22,67,22,22,22,23,23,22,22,38.4,0,3.2,3.2,3.2,2.2,2.2,3.2,3.2,3.2,3.2,3.2,3.2,3.2,3.2,3.2,0,8674702,3.2,3.2,100.0,100,False,False,False
10-02-2021,13:03:45,-92.80000000000001,23,22,3,22,22,23,23,23,22,22,38.410000000000004,0,3.2,3.2,3.2,2.2,2.2,3.2,3.2,3.2,3.2,3.2,3.2,3.2,3.2,3.2,0,8899687,3.2,3.2,100.0,100,-90.2,23,22,3,22,22,22,23,23,22,22,38.4,0,3.2,3.2,3.2,2.2,2.2,3.2,3.2,3.2,3.2,3.2,3.2,3.2,3.2,3.2,0,8674971,3.2,3.2,100.0,100,False,False,False
10-02-2021,13:03:48,-92.80000000000001,23,22,67,22,22,23,23,23,22,22,38.410000000000004,0,3.2,3.2,3.2,2.2,2.2,3.2,3.2,3.2,3.2,3.2,3.2,3.2,3.2,3.2,0,8899963,3.2,3.2,100.0,100,-90.30000000000001,23,22,67,22,22,22,23,23,22,22,38.4,0,3.2,3.2,3.2,2.2,2.2,3.2,3.2,3.2,3.2,3.2,3.2,3.2,3.2,3.2,0,8675239,3.2,3.2,100.0,100,False,False,False
10-02-2021,13:03:51,-92.80000000000001,23,22,3,22,22,23,23,23,22,22,38.410000000000004,0,3.2,3.2,3.2,2.2,2.2,3.2,3.2,3.2,3.2,3.2,3.2,3.2,3.2,3.2,0,8900240,3.2,3.2,100.0,100,-90.2,23,22,3,22,22,22,23,23,22,22,38.4,0,3.2,3.2,3.2,2.2,2.2,3.2,3.2,3.2,3.2,3.2,3.2,3.2,3.2,3.2,0,8675508,3.2,3.2,100.0,100,False,False,False
10-02-2021,13:03:54,-92.80000000000001,23,22,67,22,22,23,23,23,22,22,38.410000000000004,0,3.2,3.2,3.2,2.2,2.2,3.2,3.2,3.2,3.2,3.2,3.2,3.2,3.2,3.2,0,8900516,3.2,3.2,100.0,100,-90.2,23,22,67,22,22,22,23,23,22,22,38.4,0,3.2,3.2,3.2,2.2,2.2,3.2,3.2,3.2,3.2,3.2,3.2,3.2,3.2,3.2,0,8675776,3.2,3.2,100.0,100,False,False,False
10-02-2021,13:03:57,-92.80000000000001,23,22,3,22,22,23,23,23,22,22,38.410000000000004,0,3.2,3.2,3.2,2.2,2.2,3.2,3.2,3.2,3.2,3.2,3.2,3.2,3.2,3.2,0,8900793,3.2,3.2,100.0,100,-90.30000000000001,23,22,3,22,22,22,23,23,22,22,38.4,0,3.2,3.2,3.2,2.2,2.2,3.2,3.2,3.2,3.2,3.2,3.2,3.2,3.2,3.2,0,8676044,3.2,3.2,100.0,100,False,False,False
10-02-2021,13:04:00,-92.9,23,22,67,22,22,23,23,23,22,22,38.410000000000004,0,3.2,3.2,3.2,2.2,2.2,3.2,3.2,3.2,3.2,3.2,3.2,3.2,3.2,3.2,0,8901069,3.2,3.2,100.0,100,-90.30000000000001,23,22,67,22,22,22,23,23,22,22,38.4,0,3.2,3.2,3.2,2.2,2.2,3.2,3.2,3.2,3.2,3.2,3.2,3.2,3.2,3.2,0,8676313,3.2,3.2,100.0,100,False,False,False
10-02-2021,13:04:03,-92.80000000000001,23,22,3,22,22,23,23,23,22,22,38.410000000000004,0,3.2,3.2,3.2,2.2,2.2,3.2,3.2,3.2,3.2,3.2,3.2,3.2,3.2,3.2,0,8901346,3.2,3.2,100.0,100,-90.30000000000001,23,22,3,22,22,22,23,23,22,22,38.4,0,3.2,3.2,3.2,2.2,2.2,3.2,3.2,3.2,3.2,3.2,3.2,3.2,3.2,3.2,0,8676581,3.2,3.2,100.0,100,False,False,False
10-02-2021,13:04:06,-92.80000000000001,23,22,67,22,22,23,23,23,22,22,38.410000000000004,0,3.2,3.2,3.2,2.2,2.2,3.2,3.2,3.2,3.2,3.2,3.2,3.2,3.2,3.2,0,8901622,3.2,3.2,100.0,100,-90.2,23,22,67,22,22,22,23,23,22,22,38.4,0,3.2,3.2,3.2,2.2,2.2,3.2,3.2,3.2,3.2,3.2,3.2,3.2,3.2,3.2,0,8676850,3.2,3.2,100.0,100,False,False,False
10-02-2021,13:04:09,-92.80000000000001,23,22,3,22,22,23,23,23,22,22,38.410000000000004,0,3.2,3.2,3.2,2.2,2.2,3.2,3.2,3.2,3.2,3.2,3.2,3.2,3.2,3.2,0,8901899,3.2,3.2,100.0,100,-90.2,23,22,3,22,22,22,23,23,22,22,38.4,0,3.2,3.2,3.2,2.2,2.2,3.2,3.2,3.2,3.2,3.2,3.2,3.2,3.2,3.2,0,8677118,3.2,3.2,100.0,100,False,False,False
10-02-2021,13:04:12,-92.80000000000001,23,22,67,22,22,23,23,23,22,22,38.410000000000004,0,3.2,3.2,3.2,2.2,2.2,3.2,3.2,3.2,3.2,3.2,3.2,3.2,3.2,3.2,0,8902175,3.2,3.2,100.0,100,-90.2,23,22,67,22,22,22,23,23,22,22,38.4,0,3.2,3.2,3.2,2.2,2.2,3.2,3.2,3.2,3.2,3.2,3.2,3.2,3.2,3.2,0,8677387,3.2,3.2,100.0,100,False,False,False
10-02-2021,13:04:15,-92.9,23,22,3,22,22,23,23,23,22,22,38.410000000000004,0,3.2,3.2,3.2,2.2,2.2,3.2,3.2,3.2,3.2,3.2,3.2,3.2,3.2,3.2,0,8902451,3.2,3.2,100.0,100,-90.30000000000001,23,22,3,22,22,22,23,23,22,22,38.4,0,3.2,3.2,3.2,2.2,2.2,3.2,3.2,3.2,3.2,3.2,3.2,3.2,3.2,3.2,0,8677655,3.2,3.2,100.0,100,False,False,False
10-02-2021,13:04:18,-92.80000000000001,23,22,67,22,22,23,23,23,22,22,38.410000000000004,0,3.2,3.2,3.2,2.2,2.2,3.2,3.2,3.2,3.2,3.2,3.2,3.2,3.2,3.2,0,8902728,3.2,3.2,100.0,100,-90.30000000000001,23,22,67,22,22,22,23,23,22,22,38.4,0,3.2,3.2,3.2,2.2,2.2,3.2,3.2,3.2,3.2,3.2,3.2,3.2,3.2,3.2,0,8677923,3.2,3.2,100.0,100,False,False,False
10-02-2021,13:04:21,-92.9,23,22,3,22,22,23,23,23,22,22,38.410000000000004,0,3.2,3.2,3.2,2.2,2.2,3.2,3.2,3.2,3.2,3.2,3.2,3.2,3.2,3.2,0,8903004,3.2,3.2,100.0,100,-90.30000000000001,23,22,3,22,22,22,23,23,22,22,38.4,0,3.2,3.2,3.2,2.2,2.2,3.2,3.2,3.2,3.2,3.2,3.2,3.2,3.2,3.2,0,8678192,3.2,3.2,100.0,100,False,False,False
10-02-2021,13:04:24,-92.80000000000001,23,22,67,22,22,23,23,23,22,22,38.410000000000004,0,3.2,3.2,3.2,2.2,2.2,3.2,3.2,3.2,3.2,3.2,3.2,3.2,3.2,3.2,0,8903281,3.2,3.2,100.0,100,-90.2,23,22,67,22,22,22,23,23,22,22,38.4,0,3.2,3.2,3.2,2.2,2.2,3.2,3.2,3.2,3.2,3.2,3.2,3.2,3.2,3.2,0,8678461,3.2,3.2,100.0,100,False,False,False
10-02-2021,13:04:27,-92.9,23,22,3,22,22,23,23,23,22,22,38.410000000000004,0,3.2,3.2,3.2,2.2,2.2,3.2,3.2,3.2,3.2,3.2,3.2,3.2,3.2,3.2,0,8903558,3.2,3.2,100.0,100,-90.2,23,22,3,22,22,22,23,23,22,22,38.4,0,3.2,3.2,3.2,2.2,2.2,3.2,3.2,3.2,3.2,3.2,3.2,3.2,3.2,3.2,0,8678729,3.2,3.2,100.0,100,False,False,False
10-02-2021,13:04:30,-92.9,23,22,67,22,22,23,23,23,22,22,38.410000000000004,0,3.2,3.2,3.2,2.2,2.2,3.2,3.2,3.2,3.2,3.2,3.2,3.2,3.2,3.2,0,8903834,3.2,3.2,100.0,100,-90.2,23,22,67,22,22,22,23,23,22,22,38.4,0,3.2,3.2,3.2,2.2,2.2,3.2,3.2,3.2,3.2,3.2,3.2,3.2,3.2,3.2,0,8678998,3.2,3.2,100.0,100,False,False,False
10-02-2021,13:04:33,-92.9,23,22,3,22,22,23,23,23,22,22,38.410000000000004,0,3.2,3.2,3.2,2.2,2.2,3.2,3.2,3.2,3.2,3.2,3.2,3.2,3.2,3.2,0,8904111,3.2,3.2,100.0,100,-90.30000000000001,23,22,3,22,22,22,23,23,22,22,38.4,0,3.2,3.2,3.2,2.2,2.2,3.2,3.2,3.2,3.2,3.2,3.2,3.2,3.2,3.2,0,8679266,3.2,3.2,100.0,100,False,False,False
10-02-2021,13:04:36,-92.80000000000001,23,22,67,22,22,23,23,23,22,22,38.410000000000004,0,3.2,3.2,3.2,2.2,2.2,3.2,3.2,3.2,3.2,3.2,3.2,3.2,3.2,3.2,0,8904387,3.2,3.2,100.0,100,-90.2,23,22,67,22,22,22,23,23,22,22,38.4,0,3.2,3.2,3.2,2.2,2.2,3.2,3.2,3.2,3.2,3.2,3.2,3.2,3.2,3.2,0,8679535,3.2,3.2,100.0,100,False,False,False
10-02-2021,13:04:39,-92.9,23,22,3,22,22,23,23,23,22,22,38.410000000000004,0,3.2,3.2,3.2,2.2,2.2,3.2,3.2,3.2,3.2,3.2,3.2,3.2,3.2,3.2,0,8904664,3.2,3.2,100.0,100,-90.2,23,22,3,22,22,22,23,23,22,22,38.4,0,3.2,3.2,3.2,2.2,2.2,3.2,3.2,3.2,3.2,3.2,3.2,3.2,3.2,3.2,0,8679803,3.2,3.2,100.0,100,False,False,False
10-02-2021,13:04:41,-92.80000000000001,23,22,67,22,22,23,23,23,22,22,38.410000000000004,0,3.2,3.2,3.2,2.2,2.2,3.2,3.2,3.2,3.2,3.2,3.2,3.2,3.2,3.2,0,8904940,3.2,3.2,100.0,100,-90.30000000000001,23,22,67,22,22,22,23,23,22,22,38.4,0,3.2,3.2,3.2,2.2,2.2,3.2,3.2,3.2,3.2,3.2,3.2,3.2,3.2,3.2,0,8680071,3.2,3.2,100.0,100,False,False,False
10-02-2021,13:04:44,-92.80000000000001,23,22,3,22,22,23,23,23,22,22,38.410000000000004,0,3.2,3.2,3.2,2.2,2.2,3.2,3.2,3.2,3.2,3.2,3.2,3.2,3.2,3.2,0,8905217,3.2,3.2,100.0,100,-90.30000000000001,23,22,3,22,22,22,23,23,22,22,38.4,0,3.2,3.2,3.2,2.2,2.2,3.2,3.2,3.2,3.2,3.2,3.2,3.2,3.2,3.2,0,8680340,3.2,3.2,100.0,100,False,False,False
10-02-2021,13:04:47,-92.80000000000001,23,22,67,22,22,23,23,23,22,22,38.410000000000004,0,3.2,3.2,3.2,2.2,2.2,3.2,3.2,3.2,3.2,3.2,3.2,3.2,3.2,3.2,0,8905493,3.2,3.2,100.0,100,-90.2,23,22,67,22,22,22,23,23,22,22,38.4,0,3.2,3.2,3.2,2.2,2.2,3.2,3.2,3.2,3.2,3.2,3.2,3.2,3.2,3.2,0,8680609,3.2,3.2,100.0,100,False,False,False
10-02-2021,13:04:50,-92.80000000000001,23,22,3,22,22,23,23,23,22,22,38.410000000000004,0,3.2,3.2,3.2,2.2,2.2,3.2,3.2,3.2,3.2,3.2,3.2,3.2,3.2,3.2,0,8905770,3.2,3.2,100.0,100,-90.2,23,22,3,22,22,22,23,23,22,22,38.4,0,3.2,3.2,3.2,2.2,2.2,3.2,3.2,3.2,3.2,3.2,3.2,3.2,3.2,3.2,0,8680877,3.2,3.2,100.0,100,False,False,False
10-02-2021,13:04:53,-92.80000000000001,23,22,67,22,22,23,23,23,22,22,38.410000000000004,0,3.2,3.2,3.2,2.2,2.2,3.2,3.2,3.2,3.2,3.2,3.2,3.2,3.2,3.2,0,8906046,3.2,3.2,100.0,100,-90.2,23,22,67,22,22,22,23,23,22,22,38.4,0,3.2,3.2,3.2,2.2,2.2,3.2,3.2,3.2,3.2,3.2,3.2,3.2,3.2,3.2,0,8681146,3.2,3.2,100.0,100,False,False,False
10-02-2021,13:04:56,-92.9,23,22,3,22,22,23,23,23,22,22,38.410000000000004,0,3.2,3.2,3.2,2.2,2.2,3.2,3.2,3.2,3.2,3.2,3.2,3.2,3.2,3.2,0,8906323,3.2,3.2,100.0,100,-90.2,23,22,3,22,22,22,23,23,22,22,38.4,0,3.2,3.2,3.2,2.2,2.2,3.2,3.2,3.2,3.2,3.2,3.2,3.2,3.2,3.2,0,8681414,3.2,3.2,100.0,100,False,False,False
10-02-2021,13:04:59,-92.9,23,22,67,22,22,23,23,23,22,22,38.410000000000004,0,3.2,3.2,3.2,2.2,2.2,3.2,3.2,3.2,3.2,3.2,3.2,3.2,3.2,3.2,0,8906600,3.2,3.2,100.0,100,-90.2,23,22,67,22,22,22,23,23,22,22,38.4,0,3.2,3.2,3.2,2.2,2.2,3.2,3.2,3.2,3.2,3.2,3.2,3.2,3.2,3.2,0,8681683,3.2,3.2,100.0,100,False,False,False
10-02-2021,13:05:02,-92.80000000000001,23,22,3,22,22,23,23,23,22,22,38.410000000000004,0,3.2,3.2,3.2,2.2,2.2,3.2,3.2,3.2,3.2,3.2,3.2,3.2,3.2,3.2,0,8906876,3.2,3.2,100.0,100,-90.2,23,22,3,22,22,22,23,23,22,22,38.4,0,3.2,3.2,3.2,2.2,2.2,3.2,3.2,3.2,3.2,3.2,3.2,3.2,3.2,3.2,0,8681951,3.2,3.2,100.0,100,False,False,False
10-02-2021,13:05:05,-92.7,23,22,67,22,22,23,23,23,22,22,38.410000000000004,0,3.2,3.2,3.2,2.2,2.2,3.2,3.2,3.2,3.2,3.2,3.2,3.2,3.2,3.2,0,8907153,3.2,3.2,100.0,100,-90.30000000000001,23,22,67,22,22,22,23,23,22,22,38.4,0,3.2,3.2,3.2,2.2,2.2,3.2,3.2,3.2,3.2,3.2,3.2,3.2,3.2,3.2,0,8682220,3.2,3.2,100.0,100,False,False,False
10-02-2021,13:05:08,-92.80000000000001,23,22,3,22,22,23,23,23,22,22,38.410000000000004,0,3.2,3.2,3.2,2.2,2.2,3.2,3.2,3.2,3.2,3.2,3.2,3.2,3.2,3.2,0,8907429,3.2,3.2,100.0,100,-90.2,23,22,3,22,22,22,23,23,22,22,38.4,0,3.2,3.2,3.2,2.2,2.2,3.2,3.2,3.2,3.2,3.2,3.2,3.2,3.2,3.2,0,8682488,3.2,3.2,100.0,100,False,False,False
10-02-2021,13:05:11,-92.80000000000001,23,22,67,22,22,23,23,23,22,22,38.410000000000004,0,3.2,3.2,3.2,2.2,2.2,3.2,3.2,3.2,3.2,3.2,3.2,3.2,3.2,3.2,0,8907706,3.2,3.2,100.0,100,-90.2,23,22,67,22,22,22,23,23,22,22,38.4,0,3.2,3.2,3.2,2.2,2.2,3.2,3.2,3.2,3.2,3.2,3.2,3.2,3.2,3.2,0,8682757,3.2,3.2,100.0,100,False,False,False
10-02-2021,13:05:14,-92.80000000000001,23,22,3,22,22,23,23,23,22,22,38.410000000000004,0,3.2,3.2,3.2,2.2,2.2,3.2,3.2,3.2,3.2,3.2,3.2,3.2,3.2,3.2,0,8907982,3.2,3.2,100.0,100,-90.2,23,22,3,22,22,22,23,23,22,22,38.4,0,3.2,3.2,3.2,2.2,2.2,3.2,3.2,3.2,3.2,3.2,3.2,3.2,3.2,3.2,0,8683025,3.2,3.2,100.0,100,False,False,False
10-02-2021,13:05:17,-92.9,23,22,67,22,22,23,23,23,22,22,38.410000000000004,0,3.2,3.2,3.2,2.2,2.2,3.2,3.2,3.2,3.2,3.2,3.2,3.2,3.2,3.2,0,8908259,3.2,3.2,100.0,100,-90.2,23,22,67,22,22,22,23,23,22,22,38.4,0,3.2,3.2,3.2,2.2,2.2,3.2,3.2,3.2,3.2,3.2,3.2,3.2,3.2,3.2,0,8683294,3.2,3.2,100.0,100,False,False,False
10-02-2021,13:05:20,-92.80000000000001,23,22,3,22,22,23,23,23,22,22,38.410000000000004,0,3.2,3.2,3.2,2.2,2.2,3.2,3.2,3.2,3.2,3.2,3.2,3.2,3.2,3.2,0,8908536,3.2,3.2,100.0,100,-90.30000000000001,23,22,3,22,22,22,23,23,22,22,38.4,0,3.2,3.2,3.2,2.2,2.2,3.2,3.2,3.2,3.2,3.2,3.2,3.2,3.2,3.2,0,8683562,3.2,3.2,100.0,100,False,False,False
10-02-2021,13:05:23,-92.80000000000001,23,22,67,22,22,23,23,23,22,22,38.410000000000004,0,3.2,3.2,3.2,2.2,2.2,3.2,3.2,3.2,3.2,3.2,3.2,3.2,3.2,3.2,0,8908812,3.2,3.2,100.0,100,-90.2,23,22,67,22,22,22,23,23,22,22,38.4,0,3.2,3.2,3.2,2.2,2.2,3.2,3.2,3.2,3.2,3.2,3.2,3.2,3.2,3.2,0,8683831,3.2,3.2,100.0,100,False,False,False
10-02-2021,13:05:26,-92.80000000000001,23,22,3,22,22,23,23,23,22,22,38.410000000000004,0,3.2,3.2,3.2,2.2,2.2,3.2,3.2,3.2,3.2,3.2,3.2,3.2,3.2,3.2,0,8909089,3.2,3.2,100.0,100,-90.2,23,22,3,22,22,22,23,23,22,22,38.4,0,3.2,3.2,3.2,2.2,2.2,3.2,3.2,3.2,3.2,3.2,3.2,3.2,3.2,3.2,0,8684099,3.2,3.2,100.0,100,False,False,False
10-02-2021,13:05:29,-92.80000000000001,23,22,67,22,22,23,23,23,22,22,38.410000000000004,0,3.2,3.2,3.2,2.2,2.2,3.2,3.2,3.2,3.2,3.2,3.2,3.2,3.2,3.2,0,8909365,3.2,3.2,100.0,100,-90.2,23,22,67,22,22,22,23,23,22,22,38.4,0,3.2,3.2,3.2,2.2,2.2,3.2,3.2,3.2,3.2,3.2,3.2,3.2,3.2,3.2,0,8684368,3.2,3.2,100.0,100,False,False,False
10-02-2021,13:05:32,-92.80000000000001,23,22,3,22,22,23,23,23,22,22,38.410000000000004,0,3.2,3.2,3.2,2.2,2.2,3.2,3.2,3.2,3.2,3.2,3.2,3.2,3.2,3.2,0,8909642,3.2,3.2,100.0,100,-90.2,23,22,3,22,22,22,23,23,22,22,38.4,0,3.2,3.2,3.2,2.2,2.2,3.2,3.2,3.2,3.2,3.2,3.2,3.2,3.2,3.2,0,8684637,3.2,3.2,100.0,100,False,False,False
10-02-2021,13:05:35,-92.80000000000001,23,22,67,22,22,23,23,23,22,22,38.410000000000004,0,3.2,3.2,3.2,2.2,2.2,3.2,3.2,3.2,3.2,3.2,3.2,3.2,3.2,3.2,0,8909918,3.2,3.2,100.0,100,-90.30000000000001,23,22,67,22,22,22,23,23,22,22,38.4,0,3.2,3.2,3.2,2.2,2.2,3.2,3.2,3.2,3.2,3.2,3.2,3.2,3.2,3.2,0,8684905,3.2,3.2,100.0,100,False,False,False
10-02-2021,13:05:38,-92.80000000000001,23,22,3,22,22,23,23,23,22,22,38.410000000000004,0,3.2,3.2,3.2,2.2,2.2,3.2,3.2,3.2,3.2,3.2,3.2,3.2,3.2,3.2,0,8910195,3.2,3.2,100.0,100,-90.2,23,22,3,22,22,22,23,23,22,22,38.4,0,3.2,3.2,3.2,2.2,2.2,3.2,3.2,3.2,3.2,3.2,3.2,3.2,3.2,3.2,0,8685174,3.2,3.2,100.0,100,False,False,False
10-02-2021,13:05:41,-92.80000000000001,23,22,67,22,22,23,23,23,22,22,38.410000000000004,0,3.2,3.2,3.2,2.2,2.2,3.2,3.2,3.2,3.2,3.2,3.2,3.2,3.2,3.2,0,8910471,3.2,3.2,100.0,100,-90.2,23,22,67,22,22,22,23,23,22,22,38.4,0,3.2,3.2,3.2,2.2,2.2,3.2,3.2,3.2,3.2,3.2,3.2,3.2,3.2,3.2,0,8685442,3.2,3.2,100.0,100,False,False,False
10-02-2021,13:05:44,-92.80000000000001,23,22,3,22,22,23,23,23,22,22,38.410000000000004,0,3.2,3.2,3.2,2.2,2.2,3.2,3.2,3.2,3.2,3.2,3.2,3.2,3.2,3.2,0,8910748,3.2,3.2,100.0,100,-90.30000000000001,23,22,3,22,22,22,23,23,22,22,38.4,0,3.2,3.2,3.2,2.2,2.2,3.2,3.2,3.2,3.2,3.2,3.2,3.2,3.2,3.2,0,8685711,3.2,3.2,100.0,100,False,False,False
10-02-2021,13:05:47,-92.80000000000001,23,22,67,22,22,23,23,23,22,22,38.410000000000004,0,3.2,3.2,3.2,2.2,2.2,3.2,3.2,3.2,3.2,3.2,3.2,3.2,3.2,3.2,0,8911024,3.2,3.2,100.0,100,-90.30000000000001,23,22,67,22,22,22,23,23,22,22,38.4,0,3.2,3.2,3.2,2.2,2.2,3.2,3.2,3.2,3.2,3.2,3.2,3.2,3.2,3.2,0,8685979,3.2,3.2,100.0,100,False,False,False
10-02-2021,13:05:50,-92.7,23,22,3,22,22,23,23,23,22,22,38.410000000000004,0,3.2,3.2,3.2,2.2,2.2,3.2,3.2,3.2,3.2,3.2,3.2,3.2,3.2,3.2,0,8911301,3.2,3.2,100.0,100,-90.2,23,22,3,22,22,22,23,23,22,22,38.4,0,3.2,3.2,3.2,2.2,2.2,3.2,3.2,3.2,3.2,3.2,3.2,3.2,3.2,3.2,0,8686248,3.2,3.2,100.0,100,False,False,False
10-02-2021,13:05:53,-92.80000000000001,23,22,67,22,22,23,23,23,22,22,38.410000000000004,0,3.2,3.2,3.2,2.2,2.2,3.2,3.2,3.2,3.2,3.2,3.2,3.2,3.2,3.2,0,8911577,3.2,3.2,100.0,100,-90.30000000000001,23,22,67,22,22,22,23,23,22,22,38.4,0,3.2,3.2,3.2,2.2,2.2,3.2,3.2,3.2,3.2,3.2,3.2,3.2,3.2,3.2,0,8686517,3.2,3.2,100.0,100,False,False,False
10-02-2021,13:05:56,-92.80000000000001,23,22,3,22,22,23,23,23,22,22,38.410000000000004,0,3.2,3.2,3.2,2.2,2.2,3.2,3.2,3.2,3.2,3.2,3.2,3.2,3.2,3.2,0,8911854,3.2,3.2,100.0,100,-90.2,23,22,3,22,22,22,23,23,22,22,38.4,0,3.2,3.2,3.2,2.2,2.2,3.2,3.2,3.2,3.2,3.2,3.2,3.2,3.2,3.2,0,8686785,3.2,3.2,100.0,100,False,False,False
10-02-2021,13:05:59,-92.80000000000001,23,22,67,22,22,23,23,23,22,22,38.410000000000004,0,3.2,3.2,3.2,2.2,2.2,3.2,3.2,3.2,3.2,3.2,3.2,3.2,3.2,3.2,0,8912130,3.2,3.2,100.0,100,-90.30000000000001,23,22,67,22,22,22,23,23,22,22,38.4,0,3.2,3.2,3.2,2.2,2.2,3.2,3.2,3.2,3.2,3.2,3.2,3.2,3.2,3.2,0,8687054,3.2,3.2,100.0,100,False,False,False
10-02-2021,13:06:02,-92.80000000000001,23,22,3,22,22,23,23,23,22,22,38.410000000000004,0,3.2,3.2,3.2,2.2,2.2,3.2,3.2,3.2,3.2,3.2,3.2,3.2,3.2,3.2,0,8912407,3.2,3.2,100.0,100,-90.2,23,22,3,22,22,22,23,23,22,22,38.4,0,3.2,3.2,3.2,2.2,2.2,3.2,3.2,3.2,3.2,3.2,3.2,3.2,3.2,3.2,0,8687322,3.2,3.2,100.0,100,False,False,False
10-02-2021,13:06:05,-92.80000000000001,23,22,67,22,22,23,23,23,22,22,38.410000000000004,0,3.2,3.2,3.2,2.2,2.2,3.2,3.2,3.2,3.2,3.2,3.2,3.2,3.2,3.2,0,8912684,3.2,3.2,100.0,100,-90.2,23,22,67,22,22,22,23,23,22,22,38.4,0,3.2,3.2,3.2,2.2,2.2,3.2,3.2,3.2,3.2,3.2,3.2,3.2,3.2,3.2,0,8687591,3.2,3.2,100.0,100,False,False,False
10-02-2021,13:06:08,-92.80000000000001,23,22,3,22,22,23,23,23,22,22,38.410000000000004,0,3.2,3.2,3.2,2.2,2.2,3.2,3.2,3.2,3.2,3.2,3.2,3.2,3.2,3.2,0,8912960,3.2,3.2,100.0,100,-90.2,23,22,3,22,22,22,23,23,22,22,38.4,0,3.2,3.2,3.2,2.2,2.2,3.2,3.2,3.2,3.2,3.2,3.2,3.2,3.2,3.2,0,8687860,3.2,3.2,100.0,100,False,False,False
10-02-2021,13:06:11,-92.80000000000001,23,22,67,22,22,23,23,23,22,22,38.410000000000004,0,3.2,3.2,3.2,2.2,2.2,3.2,3.2,3.2,3.2,3.2,3.2,3.2,3.2,3.2,0,8913237,3.2,3.2,100.0,100,-90.30000000000001,23,22,67,22,22,22,23,23,22,22,38.4,0,3.2,3.2,3.2,2.2,2.2,3.2,3.2,3.2,3.2,3.2,3.2,3.2,3.2,3.2,0,8688128,3.2,3.2,100.0,100,False,False,False
10-02-2021,13:06:14,-92.80000000000001,23,22,3,22,22,23,23,23,22,22,38.410000000000004,0,3.2,3.2,3.2,2.2,2.2,3.2,3.2,3.2,3.2,3.2,3.2,3.2,3.2,3.2,0,8913513,3.2,3.2,100.0,100,-90.2,23,22,3,22,22,22,23,23,22,22,38.4,0,3.2,3.2,3.2,2.2,2.2,3.2,3.2,3.2,3.2,3.2,3.2,3.2,3.2,3.2,0,8688397,3.2,3.2,100.0,100,False,False,False
10-02-2021,13:06:17,-92.80000000000001,23,22,67,22,22,23,23,23,22,22,38.410000000000004,0,3.2,3.2,3.2,2.2,2.2,3.2,3.2,3.2,3.2,3.2,3.2,3.2,3.2,3.2,0,8913790,3.2,3.2,100.0,100,-90.2,23,22,67,22,22,22,23,23,22,22,38.4,0,3.2,3.2,3.2,2.2,2.2,3.2,3.2,3.2,3.2,3.2,3.2,3.2,3.2,3.2,0,8688666,3.2,3.2,100.0,100,False,False,False
10-02-2021,13:06:20,-92.80000000000001,23,22,3,22,22,23,23,23,22,22,38.410000000000004,0,3.2,3.2,3.2,2.2,2.2,3.2,3.2,3.2,3.2,3.2,3.2,3.2,3.2,3.2,0,8914066,3.2,3.2,100.0,100,-90.30000000000001,23,22,3,22,22,22,23,23,22,22,38.4,0,3.2,3.2,3.2,2.2,2.2,3.2,3.2,3.2,3.2,3.2,3.2,3.2,3.2,3.2,0,8688934,3.2,3.2,100.0,100,False,False,False
10-02-2021,13:06:23,-92.80000000000001,23,22,67,22,22,23,23,23,22,22,38.410000000000004,0,3.2,3.2,3.2,2.2,2.2,3.2,3.2,3.2,3.2,3.2,3.2,3.2,3.2,3.2,0,8914343,3.2,3.2,100.0,100,-90.30000000000001,23,22,67,22,22,22,23,23,22,22,38.4,0,3.2,3.2,3.2,2.2,2.2,3.2,3.2,3.2,3.2,3.2,3.2,3.2,3.2,3.2,0,8689203,3.2,3.2,100.0,100,False,False,False
10-02-2021,13:06:26,-92.80000000000001,23,22,3,22,22,23,23,23,22,22,38.410000000000004,0,3.2,3.2,3.2,2.2,2.2,3.2,3.2,3.2,3.2,3.2,3.2,3.2,3.2,3.2,0,8914619,3.2,3.2,100.0,100,-90.2,23,22,3,22,22,22,23,23,22,22,38.4,0,3.2,3.2,3.2,2.2,2.2,3.2,3.2,3.2,3.2,3.2,3.2,3.2,3.2,3.2,0,8689472,3.2,3.2,100.0,100,False,False,False
10-02-2021,13:06:29,-92.80000000000001,23,22,67,22,22,23,23,23,22,22,38.410000000000004,0,3.2,3.2,3.2,2.2,2.2,3.2,3.2,3.2,3.2,3.2,3.2,3.2,3.2,3.2,0,8914896,3.2,3.2,100.0,100,-90.30000000000001,23,22,67,22,22,22,23,23,22,22,38.4,0,3.2,3.2,3.2,2.2,2.2,3.2,3.2,3.2,3.2,3.2,3.2,3.2,3.2,3.2,0,8689740,3.2,3.2,100.0,100,False,False,False
10-02-2021,13:06:32,-92.9,23,22,3,22,22,23,23,23,22,22,38.410000000000004,0,3.2,3.2,3.2,2.2,2.2,3.2,3.2,3.2,3.2,3.2,3.2,3.2,3.2,3.2,0,8915172,3.2,3.2,100.0,100,-90.10000000000001,23,22,3,22,22,22,23,23,22,22,38.4,0,3.2,3.2,3.2,2.2,2.2,3.2,3.2,3.2,3.2,3.2,3.2,3.2,3.2,3.2,0,8690008,3.2,3.2,100.0,100,False,False,False
10-02-2021,13:06:35,-92.80000000000001,23,22,67,22,22,23,23,23,22,22,38.410000000000004,0,3.2,3.2,3.2,2.2,2.2,3.2,3.2,3.2,3.2,3.2,3.2,3.2,3.2,3.2,0,8915449,3.2,3.2,100.0,100,-90.2,23,22,67,22,22,22,23,23,22,22,38.4,0,3.2,3.2,3.2,2.2,2.2,3.2,3.2,3.2,3.2,3.2,3.2,3.2,3.2,3.2,0,8690277,3.2,3.2,100.0,100,False,False,False
10-02-2021,13:06:38,-92.80000000000001,23,22,3,22,22,23,23,23,22,22,38.410000000000004,0,3.2,3.2,3.2,2.2,2.2,3.2,3.2,3.2,3.2,3.2,3.2,3.2,3.2,3.2,0,8915725,3.2,3.2,100.0,100,-90.2,23,22,3,22,22,22,23,23,22,22,38.4,0,3.2,3.2,3.2,2.2,2.2,3.2,3.2,3.2,3.2,3.2,3.2,3.2,3.2,3.2,0,8690546,3.2,3.2,100.0,100,False,False,False
10-02-2021,13:06:41,-92.80000000000001,23,22,67,22,22,23,23,23,22,22,38.410000000000004,0,3.2,3.2,3.2,2.2,2.2,3.2,3.2,3.2,3.2,3.2,3.2,3.2,3.2,3.2,0,8916002,3.2,3.2,100.0,100,-90.30000000000001,23,22,67,22,22,22,23,23,22,22,38.4,0,3.2,3.2,3.2,2.2,2.2,3.2,3.2,3.2,3.2,3.2,3.2,3.2,3.2,3.2,0,8690814,3.2,3.2,100.0,100,False,False,False
10-02-2021,13:06:44,-92.9,23,22,3,22,22,23,23,23,22,22,38.410000000000004,0,3.2,3.2,3.2,2.2,2.2,3.2,3.2,3.2,3.2,3.2,3.2,3.2,3.2,3.2,0,8916278,3.2,3.2,100.0,100,-90.2,23,22,3,22,22,22,23,23,22,22,38.4,0,3.2,3.2,3.2,2.2,2.2,3.2,3.2,3.2,3.2,3.2,3.2,3.2,3.2,3.2,0,8691083,3.2,3.2,100.0,100,False,False,False
10-02-2021,13:06:47,-92.9,23,22,67,22,22,23,23,23,22,22,38.410000000000004,0,3.2,3.2,3.2,2.2,2.2,3.2,3.2,3.2,3.2,3.2,3.2,3.2,3.2,3.2,0,8916555,3.2,3.2,100.0,100,-90.2,23,22,67,22,22,22,23,23,22,22,38.4,0,3.2,3.2,3.2,2.2,2.2,3.2,3.2,3.2,3.2,3.2,3.2,3.2,3.2,3.2,0,8691352,3.2,3.2,100.0,100,False,False,False
10-02-2021,13:06:50,-92.9,23,22,3,22,22,23,23,23,22,22,38.410000000000004,0,3.2,3.2,3.2,2.2,2.2,3.2,3.2,3.2,3.2,3.2,3.2,3.2,3.2,3.2,0,8916831,3.2,3.2,100.0,100,-90.2,23,22,3,22,22,22,23,23,22,22,38.4,0,3.2,3.2,3.2,2.2,2.2,3.2,3.2,3.2,3.2,3.2,3.2,3.2,3.2,3.2,0,8691620,3.2,3.2,100.0,100,False,False,False
10-02-2021,13:06:53,-92.80000000000001,23,22,67,22,22,23,23,23,22,22,38.410000000000004,0,3.2,3.2,3.2,2.2,2.2,3.2,3.2,3.2,3.2,3.2,3.2,3.2,3.2,3.2,0,8917108,3.2,3.2,100.0,100,-90.2,23,22,67,22,22,22,23,23,22,22,38.4,0,3.2,3.2,3.2,2.2,2.2,3.2,3.2,3.2,3.2,3.2,3.2,3.2,3.2,3.2,0,8691889,3.2,3.2,100.0,100,False,False,False
10-02-2021,13:06:56,-92.9,23,22,3,22,22,23,23,23,22,22,38.410000000000004,0,3.2,3.2,3.2,2.2,2.2,3.2,3.2,3.2,3.2,3.2,3.2,3.2,3.2,3.2,0,8917385,3.2,3.2,100.0,100,-90.2,23,22,3,22,22,22,23,23,22,22,38.4,0,3.2,3.2,3.2,2.2,2.2,3.2,3.2,3.2,3.2,3.2,3.2,3.2,3.2,3.2,0,8692157,3.2,3.2,100.0,100,False,False,False
10-02-2021,13:06:59,-92.80000000000001,23,22,67,22,22,23,23,23,22,22,38.410000000000004,0,3.2,3.2,3.2,2.2,2.2,3.2,3.2,3.2,3.2,3.2,3.2,3.2,3.2,3.2,0,8917661,3.2,3.2,100.0,100,-90.2,23,22,67,22,22,22,23,23,22,22,38.4,0,3.2,3.2,3.2,2.2,2.2,3.2,3.2,3.2,3.2,3.2,3.2,3.2,3.2,3.2,0,8692425,3.2,3.2,100.0,100,False,False,False
10-02-2021,13:07:02,-92.9,23,22,3,22,22,23,23,23,22,22,38.410000000000004,0,3.2,3.2,3.2,2.2,2.2,3.2,3.2,3.2,3.2,3.2,3.2,3.2,3.2,3.2,0,8917938,3.2,3.2,100.0,100,-90.30000000000001,23,22,3,22,22,22,23,23,22,22,38.4,0,3.2,3.2,3.2,2.2,2.2,3.2,3.2,3.2,3.2,3.2,3.2,3.2,3.2,3.2,0,8692694,3.2,3.2,100.0,100,False,False,False
10-02-2021,13:07:05,-92.80000000000001,23,22,67,22,22,23,23,23,22,22,38.410000000000004,0,3.2,3.2,3.2,2.2,2.2,3.2,3.2,3.2,3.2,3.2,3.2,3.2,3.2,3.2,0,8918214,3.2,3.2,100.0,100,-90.2,23,22,67,22,22,22,23,23,22,22,38.4,0,3.2,3.2,3.2,2.2,2.2,3.2,3.2,3.2,3.2,3.2,3.2,3.2,3.2,3.2,0,8692963,3.2,3.2,100.0,100,False,False,False
10-02-2021,13:07:08,-92.9,23,22,3,22,22,23,23,23,22,22,38.410000000000004,0,3.2,3.2,3.2,2.2,2.2,3.2,3.2,3.2,3.2,3.2,3.2,3.2,3.2,3.2,0,8918491,3.2,3.2,100.0,100,-90.2,23,22,3,22,22,22,23,23,22,22,38.4,0,3.2,3.2,3.2,2.2,2.2,3.2,3.2,3.2,3.2,3.2,3.2,3.2,3.2,3.2,0,8693231,3.2,3.2,100.0,100,False,False,False
10-02-2021,13:07:11,-92.80000000000001,23,22,67,22,22,23,23,23,22,22,38.410000000000004,0,3.2,3.2,3.2,2.2,2.2,3.2,3.2,3.2,3.2,3.2,3.2,3.2,3.2,3.2,0,8918767,3.2,3.2,100.0,100,-90.2,23,22,67,22,22,22,23,23,22,22,38.4,0,3.2,3.2,3.2,2.2,2.2,3.2,3.2,3.2,3.2,3.2,3.2,3.2,3.2,3.2,0,8693500,3.2,3.2,100.0,100,False,False,False
10-02-2021,13:07:14,-92.9,23,22,3,22,22,23,23,23,22,22,38.410000000000004,0,3.2,3.2,3.2,2.2,2.2,3.2,3.2,3.2,3.2,3.2,3.2,3.2,3.2,3.2,0,8919043,3.2,3.2,100.0,100,-90.30000000000001,23,22,3,22,22,22,23,23,22,22,38.4,0,3.2,3.2,3.2,2.2,2.2,3.2,3.2,3.2,3.2,3.2,3.2,3.2,3.2,3.2,0,8693768,3.2,3.2,100.0,100,False,False,False
10-02-2021,13:07:17,-92.80000000000001,23,22,67,22,22,23,23,23,22,22,38.410000000000004,0,3.2,3.2,3.2,2.2,2.2,3.2,3.2,3.2,3.2,3.2,3.2,3.2,3.2,3.2,0,8919320,3.2,3.2,100.0,100,-90.2,23,22,67,22,22,22,23,23,22,22,38.4,0,3.2,3.2,3.2,2.2,2.2,3.2,3.2,3.2,3.2,3.2,3.2,3.2,3.2,3.2,0,8694037,3.2,3.2,100.0,100,False,False,False
10-02-2021,13:07:20,-92.80000000000001,23,22,3,22,22,23,23,23,22,22,38.410000000000004,0,3.2,3.2,3.2,2.2,2.2,3.2,3.2,3.2,3.2,3.2,3.2,3.2,3.2,3.2,0,8919596,3.2,3.2,100.0,100,-90.2,23,22,3,22,22,22,23,23,22,22,38.4,0,3.2,3.2,3.2,2.2,2.2,3.2,3.2,3.2,3.2,3.2,3.2,3.2,3.2,3.2,0,8694306,3.2,3.2,100.0,100,False,False,False
10-02-2021,13:07:23,-92.80000000000001,23,22,67,22,22,23,23,23,22,22,38.410000000000004,0,3.2,3.2,3.2,2.2,2.2,3.2,3.2,3.2,3.2,3.2,3.2,3.2,3.2,3.2,0,8919873,3.2,3.2,100.0,100,-90.30000000000001,23,22,67,22,22,22,23,23,22,22,38.4,0,3.2,3.2,3.2,2.2,2.2,3.2,3.2,3.2,3.2,3.2,3.2,3.2,3.2,3.2,0,8694574,3.2,3.2,100.0,100,False,False,False
10-02-2021,13:07:26,-92.80000000000001,23,22,3,22,22,23,23,23,22,22,38.410000000000004,0,3.2,3.2,3.2,2.2,2.2,3.2,3.2,3.2,3.2,3.2,3.2,3.2,3.2,3.2,0,8920150,3.2,3.2,100.0,100,-90.2,23,22,3,22,22,22,23,23,22,22,38.4,0,3.2,3.2,3.2,2.2,2.2,3.2,3.2,3.2,3.2,3.2,3.2,3.2,3.2,3.2,0,8694842,3.2,3.2,100.0,100,False,False,False
10-02-2021,13:07:29,-92.80000000000001,23,22,67,22,22,23,23,23,22,22,38.410000000000004,0,3.2,3.2,3.2,2.2,2.2,3.2,3.2,3.2,3.2,3.2,3.2,3.2,3.2,3.2,0,8920426,3.2,3.2,100.0,100,-90.30000000000001,23,22,67,22,22,22,23,23,22,22,38.4,0,3.2,3.2,3.2,2.2,2.2,3.2,3.2,3.2,3.2,3.2,3.2,3.2,3.2,3.2,0,8695111,3.2,3.2,100.0,100,False,False,False
10-02-2021,13:07:32,-92.80000000000001,23,22,3,22,22,23,23,23,22,22,38.410000000000004,0,3.2,3.2,3.2,2.2,2.2,3.2,3.2,3.2,3.2,3.2,3.2,3.2,3.2,3.2,0,8920703,3.2,3.2,100.0,100,-90.2,23,22,3,22,22,22,23,23,22,22,38.4,0,3.2,3.2,3.2,2.2,2.2,3.2,3.2,3.2,3.2,3.2,3.2,3.2,3.2,3.2,0,8695380,3.2,3.2,100.0,100,False,False,False
10-02-2021,13:07:35,-92.9,23,22,67,22,22,23,23,23,22,22,38.410000000000004,0,3.2,3.2,3.2,2.2,2.2,3.2,3.2,3.2,3.2,3.2,3.2,3.2,3.2,3.2,0,8920980,3.2,3.2,100.0,100,-90.2,23,22,67,22,22,22,23,23,22,22,38.4,0,3.2,3.2,3.2,2.2,2.2,3.2,3.2,3.2,3.2,3.2,3.2,3.2,3.2,3.2,0,8695648,3.2,3.2,100.0,100,False,False,False
10-02-2021,13:07:38,-92.80000000000001,23,22,3,22,22,23,23,23,22,22,38.410000000000004,0,3.2,3.2,3.2,2.2,2.2,3.2,3.2,3.2,3.2,3.2,3.2,3.2,3.2,3.2,0,8921256,3.2,3.2,100.0,100,-90.2,23,22,3,22,22,22,23,23,22,22,38.4,0,3.2,3.2,3.2,2.2,2.2,3.2,3.2,3.2,3.2,3.2,3.2,3.2,3.2,3.2,0,8695917,3.2,3.2,100.0,100,False,False,False
10-02-2021,13:07:41,-92.9,23,22,67,22,22,23,23,23,22,22,38.410000000000004,0,3.2,3.2,3.2,2.2,2.2,3.2,3.2,3.2,3.2,3.2,3.2,3.2,3.2,3.2,0,8921533,3.2,3.2,100.0,100,-90.2,23,22,67,22,22,22,23,23,22,22,38.4,0,3.2,3.2,3.2,2.2,2.2,3.2,3.2,3.2,3.2,3.2,3.2,3.2,3.2,3.2,0,8696186,3.2,3.2,100.0,100,False,False,False
10-02-2021,13:07:44,-92.9,23,22,3,22,22,23,23,23,22,22,38.410000000000004,0,3.2,3.2,3.2,2.2,2.2,3.2,3.2,3.2,3.2,3.2,3.2,3.2,3.2,3.2,0,8921810,3.2,3.2,100.0,100,-90.2,23,22,3,22,22,22,23,23,22,22,38.4,0,3.2,3.2,3.2,2.2,2.2,3.2,3.2,3.2,3.2,3.2,3.2,3.2,3.2,3.2,0,8696454,3.2,3.2,100.0,100,False,False,False
10-02-2021,13:07:47,-92.9,23,22,67,22,22,23,23,23,22,22,38.410000000000004,0,3.2,3.2,3.2,2.2,2.2,3.2,3.2,3.2,3.2,3.2,3.2,3.2,3.2,3.2,0,8922086,3.2,3.2,100.0,100,-90.2,23,22,67,22,22,22,23,23,22,22,38.4,0,3.2,3.2,3.2,2.2,2.2,3.2,3.2,3.2,3.2,3.2,3.2,3.2,3.2,3.2,0,8696723,3.2,3.2,100.0,100,False,False,False
10-02-2021,13:07:50,-92.80000000000001,23,22,3,22,22,23,23,23,22,22,38.410000000000004,0,3.2,3.2,3.2,2.2,2.2,3.2,3.2,3.2,3.2,3.2,3.2,3.2,3.2,3.2,0,8922363,3.2,3.2,100.0,100,-90.30000000000001,23,22,3,22,22,22,23,23,22,22,38.4,0,3.2,3.2,3.2,2.2,2.2,3.2,3.2,3.2,3.2,3.2,3.2,3.2,3.2,3.2,0,8696991,3.2,3.2,100.0,100,False,False,False
10-02-2021,13:07:53,-92.80000000000001,23,22,67,22,22,23,23,23,22,22,38.410000000000004,0,3.2,3.2,3.2,2.2,2.2,3.2,3.2,3.2,3.2,3.2,3.2,3.2,3.2,3.2,0,8922640,3.2,3.2,100.0,100,-90.30000000000001,23,22,67,22,22,22,23,23,22,22,38.4,0,3.2,3.2,3.2,2.2,2.2,3.2,3.2,3.2,3.2,3.2,3.2,3.2,3.2,3.2,0,8697259,3.2,3.2,100.0,100,False,False,False
10-02-2021,13:07:56,-92.9,23,22,3,22,22,23,23,23,22,22,38.410000000000004,0,3.2,3.2,3.2,2.2,2.2,3.2,3.2,3.2,3.2,3.2,3.2,3.2,3.2,3.2,0,8922916,3.2,3.2,100.0,100,-90.2,23,22,3,22,22,22,23,23,22,22,38.4,0,3.2,3.2,3.2,2.2,2.2,3.2,3.2,3.2,3.2,3.2,3.2,3.2,3.2,3.2,0,8697528,3.2,3.2,100.0,100,False,False,False
10-02-2021,13:07:59,-92.9,23,22,67,22,22,23,23,23,22,22,38.410000000000004,0,3.2,3.2,3.2,2.2,2.2,3.2,3.2,3.2,3.2,3.2,3.2,3.2,3.2,3.2,0,8923193,3.2,3.2,100.0,100,-90.2,23,22,67,22,22,22,23,23,22,22,38.4,0,3.2,3.2,3.2,2.2,2.2,3.2,3.2,3.2,3.2,3.2,3.2,3.2,3.2,3.2,0,8697796,3.2,3.2,100.0,100,False,False,False
10-02-2021,13:08:02,-92.9,23,22,3,22,22,23,23,23,22,22,38.4,0,3.2,3.2,3.2,2.2,2.2,3.2,3.2,3.2,3.2,3.2,3.2,3.2,3.2,3.2,0,8923470,3.2,3.2,100.0,100,-90.30000000000001,23,22,3,22,22,22,23,23,22,22,38.4,0,3.2,3.2,3.2,2.2,2.2,3.2,3.2,3.2,3.2,3.2,3.2,3.2,3.2,3.2,0,8698065,3.2,3.2,100.0,100,False,False,False
10-02-2021,13:08:05,-92.80000000000001,23,22,67,22,22,23,23,23,22,22,38.410000000000004,0,3.2,3.2,3.2,2.2,2.2,3.2,3.2,3.2,3.2,3.2,3.2,3.2,3.2,3.2,0,8923747,3.2,3.2,100.0,100,-90.2,23,22,67,22,22,22,23,23,22,22,38.4,0,3.2,3.2,3.2,2.2,2.2,3.2,3.2,3.2,3.2,3.2,3.2,3.2,3.2,3.2,0,8698333,3.2,3.2,100.0,100,False,False,False
10-02-2021,13:08:08,-92.9,23,22,3,22,22,23,23,23,22,22,38.410000000000004,0,3.2,3.2,3.2,2.2,2.2,3.2,3.2,3.2,3.2,3.2,3.2,3.2,3.2,3.2,0,8924023,3.2,3.2,100.0,100,-90.2,23,22,3,22,22,22,23,23,22,22,38.4,0,3.2,3.2,3.2,2.2,2.2,3.2,3.2,3.2,3.2,3.2,3.2,3.2,3.2,3.2,0,8698602,3.2,3.2,100.0,100,False,False,False
10-02-2021,13:08:11,-92.80000000000001,23,22,67,22,22,23,23,23,22,22,38.410000000000004,0,3.2,3.2,3.2,2.2,2.2,3.2,3.2,3.2,3.2,3.2,3.2,3.2,3.2,3.2,0,8924300,3.2,3.2,100.0,100,-90.2,23,22,67,22,22,22,23,23,22,22,38.4,0,3.2,3.2,3.2,2.2,2.2,3.2,3.2,3.2,3.2,3.2,3.2,3.2,3.2,3.2,0,8698871,3.2,3.2,100.0,100,False,False,False
10-02-2021,13:08:14,-92.9,23,22,3,22,22,23,23,23,22,22,38.4,0,3.2,3.2,3.2,2.2,2.2,3.2,3.2,3.2,3.2,3.2,3.2,3.2,3.2,3.2,0,8924577,3.2,3.2,100.0,100,-90.30000000000001,23,22,3,22,22,22,23,23,22,22,38.4,0,3.2,3.2,3.2,2.2,2.2,3.2,3.2,3.2,3.2,3.2,3.2,3.2,3.2,3.2,0,8699139,3.2,3.2,100.0,100,False,False,False
10-02-2021,13:08:17,-92.9,23,22,67,22,22,23,23,23,22,22,38.410000000000004,0,3.2,3.2,3.2,2.2,2.2,3.2,3.2,3.2,3.2,3.2,3.2,3.2,3.2,3.2,0,8924853,3.2,3.2,100.0,100,-90.2,23,22,67,22,22,22,23,23,22,22,38.4,0,3.2,3.2,3.2,2.2,2.2,3.2,3.2,3.2,3.2,3.2,3.2,3.2,3.2,3.2,0,8699407,3.2,3.2,100.0,100,False,False,False
10-02-2021,13:08:20,-92.80000000000001,23,22,3,22,22,23,23,23,22,22,38.410000000000004,0,3.2,3.2,3.2,2.2,2.2,3.2,3.2,3.2,3.2,3.2,3.2,3.2,3.2,3.2,0,8925131,3.2,3.2,100.0,100,-90.2,23,22,3,22,22,22,23,23,22,22,38.4,0,3.2,3.2,3.2,2.2,2.2,3.2,3.2,3.2,3.2,3.2,3.2,3.2,3.2,3.2,0,8699676,3.2,3.2,100.0,100,False,False,False
10-02-2021,13:08:23,-92.9,23,22,67,22,22,23,23,23,22,22,38.4,0,3.2,3.2,3.2,2.2,2.2,3.2,3.2,3.2,3.2,3.2,3.2,3.2,3.2,3.2,0,8925407,3.2,3.2,100.0,100,-90.2,23,22,67,22,22,22,23,23,22,22,38.4,0,3.2,3.2,3.2,2.2,2.2,3.2,3.2,3.2,3.2,3.2,3.2,3.2,3.2,3.2,0,8699944,3.2,3.2,100.0,100,False,False,False
10-02-2021,13:08:26,-92.80000000000001,23,22,3,22,22,23,23,23,22,22,38.410000000000004,0,3.2,3.2,3.2,2.2,2.2,3.2,3.2,3.2,3.2,3.2,3.2,3.2,3.2,3.2,0,8925683,3.2,3.2,100.0,100,-90.2,23,22,3,22,22,22,23,23,22,22,38.4,0,3.2,3.2,3.2,2.2,2.2,3.2,3.2,3.2,3.2,3.2,3.2,3.2,3.2,3.2,0,8700213,3.2,3.2,100.0,100,False,False,False
10-02-2021,13:08:28,-92.9,23,22,67,22,22,23,23,23,22,22,38.410000000000004,0,3.2,3.2,3.2,2.2,2.2,3.2,3.2,3.2,3.2,3.2,3.2,3.2,3.2,3.2,0,8925961,3.2,3.2,100.0,100,-90.2,23,22,67,22,22,22,23,23,22,22,38.4,0,3.2,3.2,3.2,2.2,2.2,3.2,3.2,3.2,3.2,3.2,3.2,3.2,3.2,3.2,0,8700481,3.2,3.2,100.0,100,False,False,False
10-02-2021,13:08:31,-92.80000000000001,23,22,3,22,22,23,23,23,22,22,38.410000000000004,0,3.2,3.2,3.2,2.2,2.2,3.2,3.2,3.2,3.2,3.2,3.2,3.2,3.2,3.2,0,8926237,3.2,3.2,100.0,100,-90.2,23,22,3,22,22,22,23,23,22,22,38.4,0,3.2,3.2,3.2,2.2,2.2,3.2,3.2,3.2,3.2,3.2,3.2,3.2,3.2,3.2,0,8700750,3.2,3.2,100.0,100,False,False,False
10-02-2021,13:08:34,-92.9,23,22,67,22,22,23,23,23,22,22,38.410000000000004,0,3.2,3.2,3.2,2.2,2.2,3.2,3.2,3.2,3.2,3.2,3.2,3.2,3.2,3.2,0,8926514,3.2,3.2,100.0,100,-90.2,23,22,67,22,22,22,23,23,22,22,38.39,0,3.2,3.2,3.2,2.2,2.2,3.2,3.2,3.2,3.2,3.2,3.2,3.2,3.2,3.2,0,8701018,3.2,3.2,100.0,100,False,False,False
10-02-2021,13:08:37,-92.80000000000001,23,22,3,22,22,23,23,23,22,22,38.410000000000004,0,3.2,3.2,3.2,2.2,2.2,3.2,3.2,3.2,3.2,3.2,3.2,3.2,3.2,3.2,0,8926791,3.2,3.2,100.0,100,-90.10000000000001,23,22,3,22,22,22,23,23,22,22,38.4,0,3.2,3.2,3.2,2.2,2.2,3.2,3.2,3.2,3.2,3.2,3.2,3.2,3.2,3.2,0,8701286,3.2,3.2,100.0,100,False,False,False
10-02-2021,13:08:40,-92.80000000000001,23,22,67,22,22,23,23,23,22,22,38.410000000000004,0,3.2,3.2,3.2,2.2,2.2,3.2,3.2,3.2,3.2,3.2,3.2,3.2,3.2,3.2,0,8927067,3.2,3.2,100.0,100,-90.2,23,22,67,22,22,22,23,23,22,22,38.4,0,3.2,3.2,3.2,2.2,2.2,3.2,3.2,3.2,3.2,3.2,3.2,3.2,3.2,3.2,0,8701555,3.2,3.2,100.0,100,False,False,False
10-02-2021,13:08:43,-92.80000000000001,23,22,3,22,22,23,23,23,22,22,38.410000000000004,0,3.2,3.2,3.2,2.2,2.2,3.2,3.2,3.2,3.2,3.2,3.2,3.2,3.2,3.2,0,8927344,3.2,3.2,100.0,100,-90.10000000000001,23,22,3,22,22,22,23,23,22,22,38.4,0,3.2,3.2,3.2,2.2,2.2,3.2,3.2,3.2,3.2,3.2,3.2,3.2,3.2,3.2,0,8701823,3.2,3.2,100.0,100,False,False,False
10-02-2021,13:08:46,-92.80000000000001,23,22,67,22,22,23,23,23,22,22,38.410000000000004,0,3.2,3.2,3.2,2.2,2.2,3.2,3.2,3.2,3.2,3.2,3.2,3.2,3.2,3.2,0,8927621,3.2,3.2,100.0,100,-90.30000000000001,23,22,67,22,22,22,23,23,22,22,38.4,0,3.2,3.2,3.2,2.2,2.2,3.2,3.2,3.2,3.2,3.2,3.2,3.2,3.2,3.2,0,8702092,3.2,3.2,100.0,100,False,False,False
10-02-2021,13:08:49,-92.80000000000001,23,22,3,22,22,23,23,23,22,22,38.4,0,3.2,3.2,3.2,2.2,2.2,3.2,3.2,3.2,3.2,3.2,3.2,3.2,3.2,3.2,0,8927897,3.2,3.2,100.0,100,-90.2,23,22,3,22,22,22,23,23,22,22,38.4,0,3.2,3.2,3.2,2.2,2.2,3.2,3.2,3.2,3.2,3.2,3.2,3.2,3.2,3.2,0,8702360,3.2,3.2,100.0,100,False,False,False
10-02-2021,13:08:52,-92.80000000000001,23,22,67,22,22,23,23,23,22,22,38.410000000000004,0,3.2,3.2,3.2,2.2,2.2,3.2,3.2,3.2,3.2,3.2,3.2,3.2,3.2,3.2,0,8928174,3.2,3.2,100.0,100,-90.2,23,22,67,22,22,22,23,23,22,22,38.4,0,3.2,3.2,3.2,2.2,2.2,3.2,3.2,3.2,3.2,3.2,3.2,3.2,3.2,3.2,0,8702629,3.2,3.2,100.0,100,False,False,False
10-02-2021,13:08:55,-92.9,23,22,3,22,22,23,23,23,22,22,38.410000000000004,0,3.2,3.2,3.2,2.2,2.2,3.2,3.2,3.2,3.2,3.2,3.2,3.2,3.2,3.2,0,8928451,3.2,3.2,100.0,100,-90.2,23,22,3,22,22,22,23,23,22,22,38.4,0,3.2,3.2,3.2,2.2,2.2,3.2,3.2,3.2,3.2,3.2,3.2,3.2,3.2,3.2,0,8702897,3.2,3.2,100.0,100,False,False,False
10-02-2021,13:08:58,-92.80000000000001,23,22,67,22,22,23,23,23,22,22,38.4,0,3.2,3.2,3.2,2.2,2.2,3.2,3.2,3.2,3.2,3.2,3.2,3.2,3.2,3.2,0,8928727,3.2,3.2,100.0,100,-90.2,23,22,67,22,22,22,23,23,22,22,38.4,0,3.2,3.2,3.2,2.2,2.2,3.2,3.2,3.2,3.2,3.2,3.2,3.2,3.2,3.2,0,8703165,3.2,3.2,100.0,100,False,False,False
10-02-2021,13:09:01,-92.9,23,22,3,22,22,23,23,23,22,22,38.4,0,3.2,3.2,3.2,2.2,2.2,3.2,3.2,3.2,3.2,3.2,3.2,3.2,3.2,3.2,0,8929096,3.2,3.2,100.0,100,-90.2,23,22,3,22,22,22,23,23,22,22,38.4,0,3.2,3.2,3.2,2.2,2.2,3.2,3.2,3.2,3.2,3.2,3.2,3.2,3.2,3.2,0,8703433,3.2,3.2,100.0,100,False,False,False
10-02-2021,13:09:04,-92.80000000000001,23,22,67,22,22,23,23,23,22,22,38.410000000000004,0,3.2,3.2,3.2,2.2,2.2,3.2,3.2,3.2,3.2,3.2,3.2,3.2,3.2,3.2,0,8929373,3.2,3.2,100.0,100,-90.2,23,22,67,22,22,22,23,23,22,22,38.4,0,3.2,3.2,3.2,2.2,2.2,3.2,3.2,3.2,3.2,3.2,3.2,3.2,3.2,3.2,0,8703702,3.2,3.2,100.0,100,False,False,False
10-02-2021,13:09:07,-92.9,23,22,3,22,22,23,23,23,22,22,38.4,0,3.2,3.2,3.2,2.2,2.2,3.2,3.2,3.2,3.2,3.2,3.2,3.2,3.2,3.2,0,8929558,3.2,3.2,100.0,100,-90.2,23,22,3,22,22,22,23,23,22,22,38.4,0,3.2,3.2,3.2,2.2,2.2,3.2,3.2,3.2,3.2,3.2,3.2,3.2,3.2,3.2,0,8703970,3.2,3.2,100.0,100,False,False,False
10-02-2021,13:09:10,-92.80000000000001,23,22,67,22,22,23,23,23,22,22,38.410000000000004,0,3.2,3.2,3.2,2.2,2.2,3.2,3.2,3.2,3.2,3.2,3.2,3.2,3.2,3.2,0,8929835,3.2,3.2,100.0,100,-90.2,23,22,67,22,22,22,23,23,22,22,38.39,0,3.2,3.2,3.2,2.2,2.2,3.2,3.2,3.2,3.2,3.2,3.2,3.2,3.2,3.2,0,8704242,3.2,3.2,100.0,100,False,False,False
10-02-2021,13:09:13,-92.80000000000001,23,22,3,22,22,23,23,23,22,22,38.410000000000004,0,3.2,3.2,3.2,2.2,2.2,3.2,3.2,3.2,3.2,3.2,3.2,3.2,3.2,3.2,0,8930111,3.2,3.2,100.0,100,-90.2,23,22,3,22,22,22,23,23,22,22,38.39,0,3.2,3.2,3.2,2.2,2.2,3.2,3.2,3.2,3.2,3.2,3.2,3.2,3.2,3.2,0,8704421,3.2,3.2,100.0,100,False,False,False
10-02-2021,13:09:16,-92.9,23,22,67,22,22,23,23,23,22,22,38.4,0,3.2,3.2,3.2,2.2,2.2,3.2,3.2,3.2,3.2,3.2,3.2,3.2,3.2,3.2,0,8930388,3.2,3.2,100.0,100,-90.2,23,22,67,22,22,22,23,23,22,22,38.4,0,3.2,3.2,3.2,2.2,2.2,3.2,3.2,3.2,3.2,3.2,3.2,3.2,3.2,3.2,0,8704690,3.2,3.2,100.0,100,False,False,False
10-02-2021,13:09:19,-92.9,23,22,3,22,22,23,23,23,22,22,38.410000000000004,0,3.2,3.2,3.2,2.2,2.2,3.2,3.2,3.2,3.2,3.2,3.2,3.2,3.2,3.2,0,8930665,3.2,3.2,100.0,100,-90.2,23,22,3,22,22,22,23,23,22,22,38.39,0,3.2,3.2,3.2,2.2,2.2,3.2,3.2,3.2,3.2,3.2,3.2,3.2,3.2,3.2,0,8704958,3.2,3.2,100.0,100,False,False,False
10-02-2021,13:09:22,-92.9,23,22,67,22,22,23,23,23,22,22,38.4,0,3.2,3.2,3.2,2.2,2.2,3.2,3.2,3.2,3.2,3.2,3.2,3.2,3.2,3.2,0,8930941,3.2,3.2,100.0,100,-90.2,23,22,67,22,22,22,23,23,22,22,38.4,0,3.2,3.2,3.2,2.2,2.2,3.2,3.2,3.2,3.2,3.2,3.2,3.2,3.2,3.2,0,8705227,3.2,3.2,100.0,100,False,False,False
10-02-2021,13:09:25,-92.9,23,22,3,22,22,23,23,23,22,22,38.4,0,3.2,3.2,3.2,2.2,2.2,3.2,3.2,3.2,3.2,3.2,3.2,3.2,3.2,3.2,0,8931218,3.2,3.2,100.0,100,-90.10000000000001,23,22,3,22,22,22,23,23,22,22,38.4,0,3.2,3.2,3.2,2.2,2.2,3.2,3.2,3.2,3.2,3.2,3.2,3.2,3.2,3.2,0,8705495,3.2,3.2,100.0,100,False,False,False
10-02-2021,13:09:28,-92.80000000000001,23,22,67,22,22,23,23,23,22,22,38.4,0,3.2,3.2,3.2,2.2,2.2,3.2,3.2,3.2,3.2,3.2,3.2,3.2,3.2,3.2,0,8931495,3.2,3.2,100.0,100,-90.2,23,22,67,22,22,22,23,23,22,22,38.4,0,3.2,3.2,3.2,2.2,2.2,3.2,3.2,3.2,3.2,3.2,3.2,3.2,3.2,3.2,0,8705763,3.2,3.2,100.0,100,False,False,False
10-02-2021,13:09:31,-92.80000000000001,23,22,3,22,22,23,23,23,22,22,38.4,0,3.2,3.2,3.2,2.2,2.2,3.2,3.2,3.2,3.2,3.2,3.2,3.2,3.2,3.2,0,8931772,3.2,3.2,100.0,100,-90.10000000000001,23,22,3,22,22,22,23,23,22,22,38.4,0,3.2,3.2,3.2,2.2,2.2,3.2,3.2,3.2,3.2,3.2,3.2,3.2,3.2,3.2,0,8706032,3.2,3.2,100.0,100,False,False,False
10-02-2021,13:09:34,-92.9,23,22,67,22,22,23,23,23,22,22,38.4,0,3.2,3.2,3.2,2.2,2.2,3.2,3.2,3.2,3.2,3.2,3.2,3.2,3.2,3.2,0,8932048,3.2,3.2,100.0,100,-90.2,23,22,67,22,22,22,23,23,22,22,38.4,0,3.2,3.2,3.2,2.2,2.2,3.2,3.2,3.2,3.2,3.2,3.2,3.2,3.2,3.2,0,8706300,3.2,3.2,100.0,100,False,False,False
10-02-2021,13:09:37,-92.9,23,22,3,22,22,23,23,23,22,22,38.4,0,3.2,3.2,3.2,2.2,2.2,3.2,3.2,3.2,3.2,3.2,3.2,3.2,3.2,3.2,0,8932325,3.2,3.2,100.0,100,-90.2,23,22,3,22,22,22,23,23,22,22,38.4,0,3.2,3.2,3.2,2.2,2.2,3.2,3.2,3.2,3.2,3.2,3.2,3.2,3.2,3.2,0,8706569,3.2,3.2,100.0,100,False,False,False
10-02-2021,13:09:40,-92.9,23,22,67,22,22,23,23,23,22,22,38.4,0,3.2,3.2,3.2,2.2,2.2,3.2,3.2,3.2,3.2,3.2,3.2,3.2,3.2,3.2,0,8932602,3.2,3.2,100.0,100,-90.2,23,22,67,22,22,22,23,23,22,22,38.39,0,3.2,3.2,3.2,2.2,2.2,3.2,3.2,3.2,3.2,3.2,3.2,3.2,3.2,3.2,0,8706837,3.2,3.2,100.0,100,False,False,False
10-02-2021,13:09:43,-92.80000000000001,23,22,3,22,22,23,23,23,22,22,38.4,0,3.2,3.2,3.2,2.2,2.2,3.2,3.2,3.2,3.2,3.2,3.2,3.2,3.2,3.2,0,8932879,3.2,3.2,100.0,100,-90.10000000000001,23,22,3,22,22,22,23,23,22,22,38.39,0,3.2,3.2,3.2,2.2,2.2,3.2,3.2,3.2,3.2,3.2,3.2,3.2,3.2,3.2,0,8707106,3.2,3.2,100.0,100,False,False,False
10-02-2021,13:09:46,-92.80000000000001,23,22,67,22,22,23,23,23,22,22,38.4,0,3.2,3.2,3.2,2.2,2.2,3.2,3.2,3.2,3.2,3.2,3.2,3.2,3.2,3.2,0,8933155,3.2,3.2,100.0,100,-90.2,23,22,67,22,22,22,23,23,22,22,38.4,0,3.2,3.2,3.2,2.2,2.2,3.2,3.2,3.2,3.2,3.2,3.2,3.2,3.2,3.2,0,8707374,3.2,3.2,100.0,100,False,False,False
10-02-2021,13:09:49,-92.9,23,22,3,22,22,23,23,23,22,22,38.4,0,3.2,3.2,3.2,2.2,2.2,3.2,3.2,3.2,3.2,3.2,3.2,3.2,3.2,3.2,0,8933432,3.2,3.2,100.0,100,-90.10000000000001,23,22,3,22,22,22,23,23,22,22,38.4,0,3.2,3.2,3.2,2.2,2.2,3.2,3.2,3.2,3.2,3.2,3.2,3.2,3.2,3.2,0,8707642,3.2,3.2,100.0,100,False,False,False
10-02-2021,13:09:52,-92.9,23,22,67,22,22,23,23,23,22,22,38.4,0,3.2,3.2,3.2,2.2,2.2,3.2,3.2,3.2,3.2,3.2,3.2,3.2,3.2,3.2,0,8933709,3.2,3.2,100.0,100,-90.30000000000001,23,22,67,22,22,22,23,23,22,22,38.39,0,3.2,3.2,3.2,2.2,2.2,3.2,3.2,3.2,3.2,3.2,3.2,3.2,3.2,3.2,0,8707910,3.2,3.2,100.0,100,False,False,False
10-02-2021,13:09:55,-92.9,23,22,3,22,22,23,23,23,22,22,38.410000000000004,0,3.2,3.2,3.2,2.2,2.2,3.2,3.2,3.2,3.2,3.2,3.2,3.2,3.2,3.2,0,8933985,3.2,3.2,100.0,100,-90.2,23,22,3,22,22,22,23,23,22,22,38.39,0,3.2,3.2,3.2,2.2,2.2,3.2,3.2,3.2,3.2,3.2,3.2,3.2,3.2,3.2,0,8708179,3.2,3.2,100.0,100,False,False,False
10-02-2021,13:09:58,-92.9,23,22,67,22,22,23,23,23,22,22,38.410000000000004,0,3.2,3.2,3.2,2.2,2.2,3.2,3.2,3.2,3.2,3.2,3.2,3.2,3.2,3.2,0,8934262,3.2,3.2,100.0,100,-90.2,23,22,67,22,22,22,23,23,22,22,38.4,0,3.2,3.2,3.2,2.2,2.2,3.2,3.2,3.2,3.2,3.2,3.2,3.2,3.2,3.2,0,8708447,3.2,3.2,100.0,100,False,False,False
10-02-2021,13:10:01,-92.9,23,22,3,22,22,23,23,23,22,22,38.4,0,3.2,3.2,3.2,2.2,2.2,3.2,3.2,3.2,3.2,3.2,3.2,3.2,3.2,3.2,0,8934539,3.2,3.2,100.0,100,-90.2,23,22,3,22,22,22,23,23,22,22,38.39,0,3.2,3.2,3.2,2.2,2.2,3.2,3.2,3.2,3.2,3.2,3.2,3.2,3.2,3.2,0,8708716,3.2,3.2,100.0,100,False,False,False
10-02-2021,13:10:04,-92.80000000000001,23,22,67,22,22,23,23,23,22,22,38.410000000000004,0,3.2,3.2,3.2,2.2,2.2,3.2,3.2,3.2,3.2,3.2,3.2,3.2,3.2,3.2,0,8934815,3.2,3.2,100.0,100,-90.2,23,22,67,22,22,22,23,23,22,22,38.39,0,3.2,3.2,3.2,2.2,2.2,3.2,3.2,3.2,3.2,3.2,3.2,3.2,3.2,3.2,0,8708984,3.2,3.2,100.0,100,False,False,False
10-02-2021,13:10:07,-92.80000000000001,23,22,3,22,22,23,23,23,22,22,38.4,0,3.2,3.2,3.2,2.2,2.2,3.2,3.2,3.2,3.2,3.2,3.2,3.2,3.2,3.2,0,8935092,3.2,3.2,100.0,100,-90.2,23,22,3,22,22,22,23,23,22,22,38.39,0,3.2,3.2,3.2,2.2,2.2,3.2,3.2,3.2,3.2,3.2,3.2,3.2,3.2,3.2,0,8709253,3.2,3.2,100.0,100,False,False,False
10-02-2021,13:10:10,-92.9,23,22,67,22,22,23,23,23,22,22,38.4,0,3.2,3.2,3.2,2.2,2.2,3.2,3.2,3.2,3.2,3.2,3.2,3.2,3.2,3.2,0,8935369,3.2,3.2,100.0,100,-90.2,23,22,67,22,22,22,23,23,22,22,38.4,0,3.2,3.2,3.2,2.2,2.2,3.2,3.2,3.2,3.2,3.2,3.2,3.2,3.2,3.2,0,8709521,3.2,3.2,100.0,100,False,False,False
10-02-2021,13:10:13,-92.9,23,22,3,22,22,23,23,23,22,22,38.410000000000004,0,3.2,3.2,3.2,2.2,2.2,3.2,3.2,3.2,3.2,3.2,3.2,3.2,3.2,3.2,0,8935645,3.2,3.2,100.0,100,-90.2,23,22,3,22,22,22,23,23,22,22,38.39,0,3.2,3.2,3.2,2.2,2.2,3.2,3.2,3.2,3.2,3.2,3.2,3.2,3.2,3.2,0,8709789,3.2,3.2,100.0,100,False,False,False
10-02-2021,13:10:16,-92.80000000000001,23,22,67,22,22,23,23,23,22,22,38.4,0,3.2,3.2,3.2,2.2,2.2,3.2,3.2,3.2,3.2,3.2,3.2,3.2,3.2,3.2,0,8935922,3.2,3.2,100.0,100,-90.2,23,22,67,22,22,22,23,23,22,22,38.4,0,3.2,3.2,3.2,2.2,2.2,3.2,3.2,3.2,3.2,3.2,3.2,3.2,3.2,3.2,0,8710058,3.2,3.2,100.0,100,False,False,False
10-02-2021,13:10:19,-92.9,23,22,3,22,22,23,23,23,22,22,38.410000000000004,0,3.2,3.2,3.2,2.2,2.2,3.2,3.2,3.2,3.2,3.2,3.2,3.2,3.2,3.2,0,8936199,3.2,3.2,100.0,100,-90.2,23,22,3,22,22,22,23,23,22,22,38.4,0,3.2,3.2,3.2,2.2,2.2,3.2,3.2,3.2,3.2,3.2,3.2,3.2,3.2,3.2,0,8710326,3.2,3.2,100.0,100,False,False,False
10-02-2021,13:10:21,-92.9,23,22,67,22,22,23,23,23,22,22,38.4,0,3.2,3.2,3.2,2.2,2.2,3.2,3.2,3.2,3.2,3.2,3.2,3.2,3.2,3.2,0,8936475,3.2,3.2,100.0,100,-90.30000000000001,23,22,67,22,22,22,23,23,22,22,38.39,0,3.2,3.2,3.2,2.2,2.2,3.2,3.2,3.2,3.2,3.2,3.2,3.2,3.2,3.2,0,8710595,3.2,3.2,100.0,100,False,False,False
10-02-2021,13:10:24,-92.9,23,22,3,22,22,23,23,23,22,22,38.4,0,3.2,3.2,3.2,2.2,2.2,3.2,3.2,3.2,3.2,3.2,3.2,3.2,3.2,3.2,0,8936752,3.2,3.2,100.0,100,-90.2,23,22,3,22,22,22,23,23,22,22,38.4,0,3.2,3.2,3.2,2.2,2.2,3.2,3.2,3.2,3.2,3.2,3.2,3.2,3.2,3.2,0,8710863,3.2,3.2,100.0,100,False,False,False
10-02-2021,13:10:27,-92.9,23,22,67,22,22,23,23,23,22,22,38.4,0,3.2,3.2,3.2,2.2,2.2,3.2,3.2,3.2,3.2,3.2,3.2,3.2,3.2,3.2,0,8937029,3.2,3.2,100.0,100,-90.10000000000001,23,22,67,22,22,22,23,23,22,22,38.39,0,3.2,3.2,3.2,2.2,2.2,3.2,3.2,3.2,3.2,3.2,3.2,3.2,3.2,3.2,0,8711132,3.2,3.2,100.0,100,False,False,False
10-02-2021,13:10:30,-92.80000000000001,23,22,3,22,22,23,23,23,22,22,38.4,0,3.2,3.2,3.2,2.2,2.2,3.2,3.2,3.2,3.2,3.2,3.2,3.2,3.2,3.2,0,8937305,3.2,3.2,100.0,100,-90.2,23,22,3,22,22,22,23,23,22,22,38.39,0,3.2,3.2,3.2,2.2,2.2,3.2,3.2,3.2,3.2,3.2,3.2,3.2,3.2,3.2,0,8711401,3.2,3.2,100.0,100,False,False,False
10-02-2021,13:10:33,-92.9,23,22,67,22,22,23,23,23,22,22,38.4,0,3.2,3.2,3.2,2.2,2.2,3.2,3.2,3.2,3.2,3.2,3.2,3.2,3.2,3.2,0,8937582,3.2,3.2,100.0,100,-90.2,23,22,67,22,22,22,23,23,22,22,38.4,0,3.2,3.2,3.2,2.2,2.2,3.2,3.2,3.2,3.2,3.2,3.2,3.2,3.2,3.2,0,8711669,3.2,3.2,100.0,100,False,False,False
10-02-2021,13:10:36,-92.80000000000001,23,22,3,22,22,23,23,23,22,22,38.4,0,3.2,3.2,3.2,2.2,2.2,3.2,3.2,3.2,3.2,3.2,3.2,3.2,3.2,3.2,0,8937859,3.2,3.2,100.0,100,-90.2,23,22,3,22,22,22,23,23,22,22,38.4,0,3.2,3.2,3.2,2.2,2.2,3.2,3.2,3.2,3.2,3.2,3.2,3.2,3.2,3.2,0,8711937,3.2,3.2,100.0,100,False,False,False
10-02-2021,13:10:39,-92.80000000000001,23,22,67,22,22,23,23,23,22,22,38.4,0,3.2,3.2,3.2,2.2,2.2,3.2,3.2,3.2,3.2,3.2,3.2,3.2,3.2,3.2,0,8938135,3.2,3.2,100.0,100,-90.2,23,22,67,22,22,22,23,23,22,22,38.39,0,3.2,3.2,3.2,2.2,2.2,3.2,3.2,3.2,3.2,3.2,3.2,3.2,3.2,3.2,0,8712206,3.2,3.2,100.0,100,False,False,False
10-02-2021,13:10:42,-92.9,23,22,3,22,22,23,23,23,22,22,38.4,0,3.2,3.2,3.2,2.2,2.2,3.2,3.2,3.2,3.2,3.2,3.2,3.2,3.2,3.2,0,8938412,3.2,3.2,100.0,100,-90.2,23,22,3,22,22,22,23,23,22,22,38.4,0,3.2,3.2,3.2,2.2,2.2,3.2,3.2,3.2,3.2,3.2,3.2,3.2,3.2,3.2,0,8712474,3.2,3.2,100.0,100,False,False,False
10-02-2021,13:10:45,-92.80000000000001,23,22,67,22,22,23,23,23,22,22,38.4,0,3.2,3.2,3.2,2.2,2.2,3.2,3.2,3.2,3.2,3.2,3.2,3.2,3.2,3.2,0,8938688,3.2,3.2,100.0,100,-90.2,23,22,67,22,22,22,23,23,22,22,38.39,0,3.2,3.2,3.2,2.2,2.2,3.2,3.2,3.2,3.2,3.2,3.2,3.2,3.2,3.2,0,8712743,3.2,3.2,100.0,100,False,False,False
10-02-2021,13:10:48,-92.80000000000001,23,22,3,22,22,23,23,23,22,22,38.4,0,3.2,3.2,3.2,2.2,2.2,3.2,3.2,3.2,3.2,3.2,3.2,3.2,3.2,3.2,0,8938965,3.2,3.2,100.0,100,-90.2,23,22,3,22,22,22,23,23,22,22,38.39,0,3.2,3.2,3.2,2.2,2.2,3.2,3.2,3.2,3.2,3.2,3.2,3.2,3.2,3.2,0,8713012,3.2,3.2,100.0,100,False,False,False
10-02-2021,13:10:51,-92.9,23,22,67,22,22,23,23,23,22,22,38.4,0,3.2,3.2,3.2,2.2,2.2,3.2,3.2,3.2,3.2,3.2,3.2,3.2,3.2,3.2,0,8939242,3.2,3.2,100.0,100,-90.2,23,22,67,22,22,22,23,23,22,22,38.39,0,3.2,3.2,3.2,2.2,2.2,3.2,3.2,3.2,3.2,3.2,3.2,3.2,3.2,3.2,0,8713280,3.2,3.2,100.0,100,False,False,False
10-02-2021,13:10:54,-92.80000000000001,23,22,3,22,22,23,23,23,22,22,38.4,0,3.2,3.2,3.2,2.2,2.2,3.2,3.2,3.2,3.2,3.2,3.2,3.2,3.2,3.2,0,8939519,3.2,3.2,100.0,100,-90.30000000000001,23,22,3,22,22,22,23,23,22,22,38.39,0,3.2,3.2,3.2,2.2,2.2,3.2,3.2,3.2,3.2,3.2,3.2,3.2,3.2,3.2,0,8713549,3.2,3.2,100.0,100,False,False,False
10-02-2021,13:10:57,-92.9,23,22,67,22,22,23,23,23,22,22,38.4,0,3.2,3.2,3.2,2.2,2.2,3.2,3.2,3.2,3.2,3.2,3.2,3.2,3.2,3.2,0,8939795,3.2,3.2,100.0,100,-90.30000000000001,23,22,67,22,22,22,23,23,22,22,38.39,0,3.2,3.2,3.2,2.2,2.2,3.2,3.2,3.2,3.2,3.2,3.2,3.2,3.2,3.2,0,8713818,3.2,3.2,100.0,100,False,False,False
10-02-2021,13:11:00,-92.80000000000001,23,22,3,22,22,23,23,23,22,22,38.4,0,3.2,3.2,3.2,2.2,2.2,3.2,3.2,3.2,3.2,3.2,3.2,3.2,3.2,3.2,0,8940072,3.2,3.2,100.0,100,-90.2,23,22,3,22,22,22,23,23,22,22,38.39,0,3.2,3.2,3.2,2.2,2.2,3.2,3.2,3.2,3.2,3.2,3.2,3.2,3.2,3.2,0,8714086,3.2,3.2,100.0,100,False,False,False
10-02-2021,13:11:03,-92.80000000000001,23,22,67,22,22,23,23,23,22,22,38.4,0,3.2,3.2,3.2,2.2,2.2,3.2,3.2,3.2,3.2,3.2,3.2,3.2,3.2,3.2,0,8940349,3.2,3.2,100.0,100,-90.30000000000001,23,22,67,22,22,22,23,23,22,22,38.39,0,3.2,3.2,3.2,2.2,2.2,3.2,3.2,3.2,3.2,3.2,3.2,3.2,3.2,3.2,0,8714354,3.2,3.2,100.0,100,False,False,False
10-02-2021,13:11:06,-92.9,23,22,3,22,22,23,23,23,22,22,38.4,0,3.2,3.2,3.2,2.2,2.2,3.2,3.2,3.2,3.2,3.2,3.2,3.2,3.2,3.2,0,8940625,3.2,3.2,100.0,100,-90.2,23,22,3,22,22,22,23,23,22,22,38.39,0,3.2,3.2,3.2,2.2,2.2,3.2,3.2,3.2,3.2,3.2,3.2,3.2,3.2,3.2,0,8714623,3.2,3.2,100.0,100,False,False,False
10-02-2021,13:11:09,-92.80000000000001,23,22,67,22,22,23,23,23,22,22,38.4,0,3.2,3.2,3.2,2.2,2.2,3.2,3.2,3.2,3.2,3.2,3.2,3.2,3.2,3.2,0,8940902,3.2,3.2,100.0,100,-90.2,23,22,67,22,22,22,23,23,22,22,38.39,0,3.2,3.2,3.2,2.2,2.2,3.2,3.2,3.2,3.2,3.2,3.2,3.2,3.2,3.2,0,8714892,3.2,3.2,100.0,100,False,False,False
10-02-2021,13:11:12,-92.9,23,22,3,22,22,23,23,23,22,22,38.4,0,3.2,3.2,3.2,2.2,2.2,3.2,3.2,3.2,3.2,3.2,3.2,3.2,3.2,3.2,0,8941178,3.2,3.2,100.0,100,-90.2,23,22,3,22,22,22,23,23,22,22,38.39,0,3.2,3.2,3.2,2.2,2.2,3.2,3.2,3.2,3.2,3.2,3.2,3.2,3.2,3.2,0,8715160,3.2,3.2,100.0,100,False,False,False
10-02-2021,13:11:15,-92.9,23,22,67,22,22,23,23,23,22,22,38.4,0,3.2,3.2,3.2,2.2,2.2,3.2,3.2,3.2,3.2,3.2,3.2,3.2,3.2,3.2,0,8941455,3.2,3.2,100.0,100,-90.2,23,22,67,22,22,22,23,23,22,22,38.39,0,3.2,3.2,3.2,2.2,2.2,3.2,3.2,3.2,3.2,3.2,3.2,3.2,3.2,3.2,0,8715429,3.2,3.2,100.0,100,False,False,False
10-02-2021,13:11:18,-92.9,23,22,3,22,22,23,23,23,22,22,38.4,0,3.2,3.2,3.2,2.2,2.2,3.2,3.2,3.2,3.2,3.2,3.2,3.2,3.2,3.2,0,8941732,3.2,3.2,100.0,100,-90.30000000000001,23,22,3,22,22,22,23,23,22,22,38.39,0,3.2,3.2,3.2,2.2,2.2,3.2,3.2,3.2,3.2,3.2,3.2,3.2,3.2,3.2,0,8715698,3.2,3.2,100.0,100,False,False,False
10-02-2021,13:11:21,-92.80000000000001,23,22,67,22,22,23,23,23,22,22,38.4,0,3.2,3.2,3.2,2.2,2.2,3.2,3.2,3.2,3.2,3.2,3.2,3.2,3.2,3.2,0,8942008,3.2,3.2,100.0,100,-90.2,23,22,67,22,22,22,23,23,22,22,38.39,0,3.2,3.2,3.2,2.2,2.2,3.2,3.2,3.2,3.2,3.2,3.2,3.2,3.2,3.2,0,8715966,3.2,3.2,100.0,100,False,False,False
10-02-2021,13:11:24,-92.9,23,22,3,22,22,23,23,23,22,22,38.4,0,3.2,3.2,3.2,2.2,2.2,3.2,3.2,3.2,3.2,3.2,3.2,3.2,3.2,3.2,0,8942285,3.2,3.2,100.0,100,-90.30000000000001,23,22,3,22,22,22,23,23,22,22,38.39,0,3.2,3.2,3.2,2.2,2.2,3.2,3.2,3.2,3.2,3.2,3.2,3.2,3.2,3.2,0,8716235,3.2,3.2,100.0,100,False,False,False
10-02-2021,13:11:27,-92.80000000000001,23,22,67,22,22,23,23,23,22,22,38.4,0,3.2,3.2,3.2,2.2,2.2,3.2,3.2,3.2,3.2,3.2,3.2,3.2,3.2,3.2,0,8942561,3.2,3.2,100.0,100,-90.2,23,22,67,22,22,22,23,23,22,22,38.39,0,3.2,3.2,3.2,2.2,2.2,3.2,3.2,3.2,3.2,3.2,3.2,3.2,3.2,3.2,0,8716503,3.2,3.2,100.0,100,False,False,False
10-02-2021,13:11:30,-92.9,23,22,3,22,22,23,23,23,22,22,38.4,0,3.2,3.2,3.2,2.2,2.2,3.2,3.2,3.2,3.2,3.2,3.2,3.2,3.2,3.2,0,8942838,3.2,3.2,100.0,100,-90.2,23,22,3,22,22,22,23,23,22,22,38.39,0,3.2,3.2,3.2,2.2,2.2,3.2,3.2,3.2,3.2,3.2,3.2,3.2,3.2,3.2,0,8716771,3.2,3.2,100.0,100,False,False,False
10-02-2021,13:11:33,-92.9,23,22,67,22,22,23,23,23,22,22,38.4,0,3.2,3.2,3.2,2.2,2.2,3.2,3.2,3.2,3.2,3.2,3.2,3.2,3.2,3.2,0,8943114,3.2,3.2,100.0,100,-90.2,23,22,67,22,22,22,23,23,22,22,38.39,0,3.2,3.2,3.2,2.2,2.2,3.2,3.2,3.2,3.2,3.2,3.2,3.2,3.2,3.2,0,8717040,3.2,3.2,100.0,100,False,False,False
10-02-2021,13:11:36,-92.9,23,22,3,22,22,23,23,23,22,22,38.4,0,3.2,3.2,3.2,2.2,2.2,3.2,3.2,3.2,3.2,3.2,3.2,3.2,3.2,3.2,0,8943391,3.2,3.2,100.0,100,-90.2,23,22,3,22,22,22,23,23,22,22,38.4,0,3.2,3.2,3.2,2.2,2.2,3.2,3.2,3.2,3.2,3.2,3.2,3.2,3.2,3.2,0,8717309,3.2,3.2,100.0,100,False,False,False
10-02-2021,13:11:39,-92.80000000000001,23,22,67,22,22,23,23,23,22,22,38.4,0,3.2,3.2,3.2,2.2,2.2,3.2,3.2,3.2,3.2,3.2,3.2,3.2,3.2,3.2,0,8943667,3.2,3.2,100.0,100,-90.30000000000001,23,22,67,22,22,22,23,23,22,22,38.39,0,3.2,3.2,3.2,2.2,2.2,3.2,3.2,3.2,3.2,3.2,3.2,3.2,3.2,3.2,0,8717577,3.2,3.2,100.0,100,False,False,False
10-02-2021,13:11:42,-92.80000000000001,23,22,3,22,22,23,23,23,22,22,38.4,0,3.2,3.2,3.2,2.2,2.2,3.2,3.2,3.2,3.2,3.2,3.2,3.2,3.2,3.2,0,8943944,3.2,3.2,100.0,100,-90.2,23,22,3,22,22,22,23,23,22,22,38.39,0,3.2,3.2,3.2,2.2,2.2,3.2,3.2,3.2,3.2,3.2,3.2,3.2,3.2,3.2,0,8717846,3.2,3.2,100.0,100,False,False,False
10-02-2021,13:11:45,-92.80000000000001,23,22,67,22,22,23,23,23,22,22,38.4,0,3.2,3.2,3.2,2.2,2.2,3.2,3.2,3.2,3.2,3.2,3.2,3.2,3.2,3.2,0,8944221,3.2,3.2,100.0,100,-90.2,23,22,67,22,22,22,23,23,22,22,38.39,0,3.2,3.2,3.2,2.2,2.2,3.2,3.2,3.2,3.2,3.2,3.2,3.2,3.2,3.2,0,8718114,3.2,3.2,100.0,100,False,False,False
10-02-2021,13:11:48,-92.9,23,22,3,22,22,23,23,23,22,22,38.4,0,3.2,3.2,3.2,2.2,2.2,3.2,3.2,3.2,3.2,3.2,3.2,3.2,3.2,3.2,0,8944497,3.2,3.2,100.0,100,-90.2,23,22,3,22,22,22,23,23,22,22,38.39,0,3.2,3.2,3.2,2.2,2.2,3.2,3.2,3.2,3.2,3.2,3.2,3.2,3.2,3.2,0,8718383,3.2,3.2,100.0,100,False,False,False
10-02-2021,13:11:51,-92.80000000000001,23,22,67,22,22,23,23,23,22,22,38.4,0,3.2,3.2,3.2,2.2,2.2,3.2,3.2,3.2,3.2,3.2,3.2,3.2,3.2,3.2,0,8944774,3.2,3.2,100.0,100,-90.30000000000001,23,22,67,22,22,22,23,23,22,22,38.39,0,3.2,3.2,3.2,2.2,2.2,3.2,3.2,3.2,3.2,3.2,3.2,3.2,3.2,3.2,0,8718652,3.2,3.2,100.0,100,False,False,False
10-02-2021,13:11:54,-92.9,23,22,3,22,22,23,23,23,22,22,38.4,0,3.2,3.2,3.2,2.2,2.2,3.2,3.2,3.2,3.2,3.2,3.2,3.2,3.2,3.2,0,8945050,3.2,3.2,100.0,100,-90.2,23,22,3,22,22,22,23,23,22,22,38.39,0,3.2,3.2,3.2,2.2,2.2,3.2,3.2,3.2,3.2,3.2,3.2,3.2,3.2,3.2,0,8718920,3.2,3.2,100.0,100,False,False,False
10-02-2021,13:11:57,-92.80000000000001,23,22,67,22,22,23,23,23,22,22,38.4,0,3.2,3.2,3.2,2.2,2.2,3.2,3.2,3.2,3.2,3.2,3.2,3.2,3.2,3.2,0,8945327,3.2,3.2,100.0,100,-90.30000000000001,23,22,67,22,22,22,23,23,22,22,38.39,0,3.2,3.2,3.2,2.2,2.2,3.2,3.2,3.2,3.2,3.2,3.2,3.2,3.2,3.2,0,8719188,3.2,3.2,100.0,100,False,False,False
10-02-2021,13:12:00,-92.80000000000001,23,22,3,22,22,23,23,23,22,22,38.4,0,3.2,3.2,3.2,2.2,2.2,3.2,3.2,3.2,3.2,3.2,3.2,3.2,3.2,3.2,0,8945603,3.2,3.2,100.0,100,-90.30000000000001,23,22,3,22,22,22,23,23,22,22,38.39,0,3.2,3.2,3.2,2.2,2.2,3.2,3.2,3.2,3.2,3.2,3.2,3.2,3.2,3.2,0,8719457,3.2,3.2,100.0,100,False,False,False
10-02-2021,13:12:03,-92.80000000000001,23,22,67,22,22,23,23,23,22,22,38.4,0,3.2,3.2,3.2,2.2,2.2,3.2,3.2,3.2,3.2,3.2,3.2,3.2,3.2,3.2,0,8945880,3.2,3.2,100.0,100,-90.2,23,22,67,22,22,22,23,23,22,22,38.39,0,3.2,3.2,3.2,2.2,2.2,3.2,3.2,3.2,3.2,3.2,3.2,3.2,3.2,3.2,0,8719726,3.2,3.2,100.0,100,False,False,False
10-02-2021,13:12:06,-92.80000000000001,23,22,3,22,22,23,23,23,22,22,38.4,0,3.2,3.2,3.2,2.2,2.2,3.2,3.2,3.2,3.2,3.2,3.2,3.2,3.2,3.2,0,8946156,3.2,3.2,100.0,100,-90.2,23,22,3,22,22,22,23,23,22,22,38.39,0,3.2,3.2,3.2,2.2,2.2,3.2,3.2,3.2,3.2,3.2,3.2,3.2,3.2,3.2,0,8719994,3.2,3.2,100.0,100,False,False,False
10-02-2021,13:12:09,-92.9,23,22,67,22,22,23,23,23,22,22,38.4,0,3.2,3.2,3.2,2.2,2.2,3.2,3.2,3.2,3.2,3.2,3.2,3.2,3.2,3.2,0,8946432,3.2,3.2,100.0,100,-90.2,23,22,67,22,22,22,23,23,22,22,38.39,0,3.2,3.2,3.2,2.2,2.2,3.2,3.2,3.2,3.2,3.2,3.2,3.2,3.2,3.2,0,8720263,3.2,3.2,100.0,100,False,False,False
10-02-2021,13:12:12,-92.9,23,22,3,22,22,23,23,23,22,22,38.4,0,3.2,3.2,3.2,2.2,2.2,3.2,3.2,3.2,3.2,3.2,3.2,3.2,3.2,3.2,0,8946710,3.2,3.2,100.0,100,-90.30000000000001,23,22,3,22,22,22,23,23,22,22,38.39,0,3.2,3.2,3.2,2.2,2.2,3.2,3.2,3.2,3.2,3.2,3.2,3.2,3.2,3.2,0,8720531,3.2,3.2,100.0,100,False,False,False
10-02-2021,13:12:15,-92.80000000000001,23,22,67,22,22,23,23,23,22,22,38.4,0,3.2,3.2,3.2,2.2,2.2,3.2,3.2,3.2,3.2,3.2,3.2,3.2,3.2,3.2,0,8946986,3.2,3.2,100.0,100,-90.30000000000001,23,22,67,22,22,22,23,23,22,22,38.39,0,3.2,3.2,3.2,2.2,2.2,3.2,3.2,3.2,3.2,3.2,3.2,3.2,3.2,3.2,0,8720800,3.2,3.2,100.0,100,False,False,False
10-02-2021,13:12:18,-92.9,23,22,3,22,22,23,23,23,22,22,38.4,0,3.2,3.2,3.2,2.2,2.2,3.2,3.2,3.2,3.2,3.2,3.2,3.2,3.2,3.2,0,8947262,3.2,3.2,100.0,100,-90.2,23,22,3,22,22,22,23,23,22,22,38.39,0,3.2,3.2,3.2,2.2,2.2,3.2,3.2,3.2,3.2,3.2,3.2,3.2,3.2,3.2,0,8721069,3.2,3.2,100.0,100,False,False,False
10-02-2021,13:12:21,-92.80000000000001,23,22,67,22,22,23,23,23,22,22,38.4,0,3.2,3.2,3.2,2.2,2.2,3.2,3.2,3.2,3.2,3.2,3.2,3.2,3.2,3.2,0,8947540,3.2,3.2,100.0,100,-90.2,23,22,67,22,22,22,23,23,22,22,38.39,0,3.2,3.2,3.2,2.2,2.2,3.2,3.2,3.2,3.2,3.2,3.2,3.2,3.2,3.2,0,8721337,3.2,3.2,100.0,100,False,False,False
10-02-2021,13:12:24,-92.9,23,22,3,22,22,23,23,23,22,22,38.4,0,3.2,3.2,3.2,2.2,2.2,3.2,3.2,3.2,3.2,3.2,3.2,3.2,3.2,3.2,0,8947816,3.2,3.2,100.0,100,-90.2,23,22,3,22,22,22,23,23,22,22,38.39,0,3.2,3.2,3.2,2.2,2.2,3.2,3.2,3.2,3.2,3.2,3.2,3.2,3.2,3.2,0,8721605,3.2,3.2,100.0,100,False,False,False
10-02-2021,13:12:27,-92.9,23,22,67,22,22,23,23,23,22,22,38.4,0,3.2,3.2,3.2,2.2,2.2,3.2,3.2,3.2,3.2,3.2,3.2,3.2,3.2,3.2,0,8948092,3.2,3.2,100.0,100,-90.30000000000001,23,22,67,22,22,22,23,23,22,22,38.39,0,3.2,3.2,3.2,2.2,2.2,3.2,3.2,3.2,3.2,3.2,3.2,3.2,3.2,3.2,0,8721874,3.2,3.2,100.0,100,False,False,False
10-02-2021,13:12:30,-92.80000000000001,23,22,3,22,22,23,23,23,22,22,38.4,0,3.2,3.2,3.2,2.2,2.2,3.2,3.2,3.2,3.2,3.2,3.2,3.2,3.2,3.2,0,8948370,3.2,3.2,100.0,100,-90.2,23,22,3,22,22,22,23,23,22,22,38.39,0,3.2,3.2,3.2,2.2,2.2,3.2,3.2,3.2,3.2,3.2,3.2,3.2,3.2,3.2,0,8722143,3.2,3.2,100.0,100,False,False,False
10-02-2021,13:12:33,-92.9,23,22,67,22,22,23,23,23,22,22,38.4,0,3.2,3.2,3.2,2.2,2.2,3.2,3.2,3.2,3.2,3.2,3.2,3.2,3.2,3.2,0,8948646,3.2,3.2,100.0,100,-90.2,23,22,67,22,22,22,23,23,22,22,38.39,0,3.2,3.2,3.2,2.2,2.2,3.2,3.2,3.2,3.2,3.2,3.2,3.2,3.2,3.2,0,8722411,3.2,3.2,100.0,100,False,False,False
10-02-2021,13:12:36,-92.9,23,22,3,22,22,23,23,23,22,22,38.4,0,3.2,3.2,3.2,2.2,2.2,3.2,3.2,3.2,3.2,3.2,3.2,3.2,3.2,3.2,0,8948923,3.2,3.2,100.0,100,-90.30000000000001,23,22,3,22,22,22,23,23,22,22,38.39,0,3.2,3.2,3.2,2.2,2.2,3.2,3.2,3.2,3.2,3.2,3.2,3.2,3.2,3.2,0,8722680,3.2,3.2,100.0,100,False,False,False
10-02-2021,13:12:39,-92.9,23,22,67,22,22,23,23,23,22,22,38.4,0,3.2,3.2,3.2,2.2,2.2,3.2,3.2,3.2,3.2,3.2,3.2,3.2,3.2,3.2,0,8949200,3.2,3.2,100.0,100,-90.30000000000001,23,22,67,22,22,22,23,23,22,22,38.39,0,3.2,3.2,3.2,2.2,2.2,3.2,3.2,3.2,3.2,3.2,3.2,3.2,3.2,3.2,0,8722949,3.2,3.2,100.0,100,False,False,False
10-02-2021,13:12:42,-92.9,23,22,3,22,22,23,23,23,22,22,38.4,0,3.2,3.2,3.2,2.2,2.2,3.2,3.2,3.2,3.2,3.2,3.2,3.2,3.2,3.2,0,8949476,3.2,3.2,100.0,100,-90.30000000000001,23,22,3,22,22,22,23,23,22,22,38.39,0,3.2,3.2,3.2,2.2,2.2,3.2,3.2,3.2,3.2,3.2,3.2,3.2,3.2,3.2,0,8723217,3.2,3.2,100.0,100,False,False,False
10-02-2021,13:12:45,-92.9,23,22,67,22,22,23,23,23,22,22,38.4,0,3.2,3.2,3.2,2.2,2.2,3.2,3.2,3.2,3.2,3.2,3.2,3.2,3.2,3.2,0,8949753,3.2,3.2,100.0,100,-90.2,23,22,67,22,22,22,23,23,22,22,38.39,0,3.2,3.2,3.2,2.2,2.2,3.2,3.2,3.2,3.2,3.2,3.2,3.2,3.2,3.2,0,8723486,3.2,3.2,100.0,100,False,False,False
10-02-2021,13:12:48,-92.80000000000001,23,22,3,22,22,23,23,23,22,22,38.4,0,3.2,3.2,3.2,2.2,2.2,3.2,3.2,3.2,3.2,3.2,3.2,3.2,3.2,3.2,0,8950030,3.2,3.2,100.0,100,-90.2,23,22,3,22,22,22,23,23,22,22,38.39,0,3.2,3.2,3.2,2.2,2.2,3.2,3.2,3.2,3.2,3.2,3.2,3.2,3.2,3.2,0,8723755,3.2,3.2,100.0,100,False,False,False
10-02-2021,13:12:51,-92.9,23,22,67,22,22,23,23,23,22,22,38.4,0,3.2,3.2,3.2,2.2,2.2,3.2,3.2,3.2,3.2,3.2,3.2,3.2,3.2,3.2,0,8950307,3.2,3.2,100.0,100,-90.2,23,22,67,22,22,22,23,23,22,22,38.39,0,3.2,3.2,3.2,2.2,2.2,3.2,3.2,3.2,3.2,3.2,3.2,3.2,3.2,3.2,0,8724023,3.2,3.2,100.0,100,False,False,False
10-02-2021,13:12:54,-93.0,23,22,3,22,22,23,23,23,22,22,38.4,0,3.2,3.2,3.2,2.2,2.2,3.2,3.2,3.2,3.2,3.2,3.2,3.2,3.2,3.2,0,8950583,3.2,3.2,100.0,100,-90.2,23,22,3,22,22,22,23,23,22,22,38.39,0,3.2,3.2,3.2,2.2,2.2,3.2,3.2,3.2,3.2,3.2,3.2,3.2,3.2,3.2,0,8724291,3.2,3.2,100.0,100,False,False,False
10-02-2021,13:12:57,-92.80000000000001,23,22,67,22,22,23,23,23,22,22,38.4,0,3.2,3.2,3.2,2.2,2.2,3.2,3.2,3.2,3.2,3.2,3.2,3.2,3.2,3.2,0,8950860,3.2,3.2,100.0,100,-90.2,23,22,67,22,22,22,23,23,22,22,38.39,0,3.2,3.2,3.2,2.2,2.2,3.2,3.2,3.2,3.2,3.2,3.2,3.2,3.2,3.2,0,8724560,3.2,3.2,100.0,100,False,False,False
10-02-2021,13:13:00,-92.9,23,22,3,22,22,23,23,23,22,22,38.4,0,3.2,3.2,3.2,2.2,2.2,3.2,3.2,3.2,3.2,3.2,3.2,3.2,3.2,3.2,0,8951137,3.2,3.2,100.0,100,-90.2,23,22,3,22,22,22,23,23,22,22,38.39,0,3.2,3.2,3.2,2.2,2.2,3.2,3.2,3.2,3.2,3.2,3.2,3.2,3.2,3.2,0,8724829,3.2,3.2,100.0,100,False,False,False
10-02-2021,13:13:03,-92.9,23,22,67,22,22,23,23,23,22,22,38.4,0,3.2,3.2,3.2,2.2,2.2,3.2,3.2,3.2,3.2,3.2,3.2,3.2,3.2,3.2,0,8951414,3.2,3.2,100.0,100,-90.30000000000001,23,22,67,22,22,22,23,23,22,22,38.39,0,3.2,3.2,3.2,2.2,2.2,3.2,3.2,3.2,3.2,3.2,3.2,3.2,3.2,3.2,0,8725097,3.2,3.2,100.0,100,False,False,False
10-02-2021,13:13:06,-92.80000000000001,23,22,3,22,22,23,23,23,22,22,38.4,0,3.2,3.2,3.2,2.2,2.2,3.2,3.2,3.2,3.2,3.2,3.2,3.2,3.2,3.2,0,8951690,3.2,3.2,100.0,100,-90.2,23,22,3,22,22,22,23,23,22,22,38.39,0,3.2,3.2,3.2,2.2,2.2,3.2,3.2,3.2,3.2,3.2,3.2,3.2,3.2,3.2,0,8725366,3.2,3.2,100.0,100,False,False,False
10-02-2021,13:13:09,-92.80000000000001,23,22,67,22,22,23,23,23,22,22,38.4,0,3.2,3.2,3.2,2.2,2.2,3.2,3.2,3.2,3.2,3.2,3.2,3.2,3.2,3.2,0,8951967,3.2,3.2,100.0,100,-90.30000000000001,23,22,67,22,22,22,23,23,22,22,38.39,0,3.2,3.2,3.2,2.2,2.2,3.2,3.2,3.2,3.2,3.2,3.2,3.2,3.2,3.2,0,8725635,3.2,3.2,100.0,100,False,False,False
10-02-2021,13:13:12,-92.80000000000001,23,22,3,22,22,23,23,23,22,22,38.4,0,3.2,3.2,3.2,2.2,2.2,3.2,3.2,3.2,3.2,3.2,3.2,3.2,3.2,3.2,0,8952244,3.2,3.2,100.0,100,-90.10000000000001,23,22,3,22,22,22,23,23,22,22,38.39,0,3.2,3.2,3.2,2.2,2.2,3.2,3.2,3.2,3.2,3.2,3.2,3.2,3.2,3.2,0,8725904,3.2,3.2,100.0,100,False,False,False
10-02-2021,13:13:15,-92.9,23,22,67,22,22,23,23,23,22,22,38.4,0,3.2,3.2,3.2,2.2,2.2,3.2,3.2,3.2,3.2,3.2,3.2,3.2,3.2,3.2,0,8952520,3.2,3.2,100.0,100,-90.30000000000001,23,22,67,22,22,22,23,23,22,22,38.39,0,3.2,3.2,3.2,2.2,2.2,3.2,3.2,3.2,3.2,3.2,3.2,3.2,3.2,3.2,0,8726172,3.2,3.2,100.0,100,False,False,False
10-02-2021,13:13:18,-92.80000000000001,23,22,3,22,22,23,23,23,22,22,38.4,0,3.2,3.2,3.2,2.2,2.2,3.2,3.2,3.2,3.2,3.2,3.2,3.2,3.2,3.2,0,8952797,3.2,3.2,100.0,100,-90.2,23,22,3,22,22,22,23,23,22,22,38.39,0,3.2,3.2,3.2,2.2,2.2,3.2,3.2,3.2,3.2,3.2,3.2,3.2,3.2,3.2,0,8726441,3.2,3.2,100.0,100,False,False,False
10-02-2021,13:13:21,-92.80000000000001,23,22,67,22,22,23,23,23,22,22,38.4,0,3.2,3.2,3.2,2.2,2.2,3.2,3.2,3.2,3.2,3.2,3.2,3.2,3.2,3.2,0,8953074,3.2,3.2,100.0,100,-90.30000000000001,23,22,67,22,22,22,23,23,22,22,38.39,0,3.2,3.2,3.2,2.2,2.2,3.2,3.2,3.2,3.2,3.2,3.2,3.2,3.2,3.2,0,8726709,3.2,3.2,100.0,100,False,False,False
10-02-2021,13:13:24,-92.9,23,22,3,22,22,23,23,23,22,22,38.4,0,3.2,3.2,3.2,2.2,2.2,3.2,3.2,3.2,3.2,3.2,3.2,3.2,3.2,3.2,0,8953350,3.2,3.2,100.0,100,-90.30000000000001,23,22,3,22,22,22,23,23,22,22,38.39,0,3.2,3.2,3.2,2.2,2.2,3.2,3.2,3.2,3.2,3.2,3.2,3.2,3.2,3.2,0,8726978,3.2,3.2,100.0,100,False,False,False
10-02-2021,13:13:27,-92.80000000000001,23,22,67,22,22,23,23,23,22,22,38.4,0,3.2,3.2,3.2,2.2,2.2,3.2,3.2,3.2,3.2,3.2,3.2,3.2,3.2,3.2,0,8953627,3.2,3.2,100.0,100,-90.2,23,22,67,22,22,22,23,23,22,22,38.39,0,3.2,3.2,3.2,2.2,2.2,3.2,3.2,3.2,3.2,3.2,3.2,3.2,3.2,3.2,0,8727247,3.2,3.2,100.0,100,False,False,False
10-02-2021,13:13:30,-92.80000000000001,23,22,3,22,22,23,23,23,22,22,38.4,0,3.2,3.2,3.2,2.2,2.2,3.2,3.2,3.2,3.2,3.2,3.2,3.2,3.2,3.2,0,8953903,3.2,3.2,100.0,100,-90.2,23,22,3,22,22,22,23,23,22,22,38.39,0,3.2,3.2,3.2,2.2,2.2,3.2,3.2,3.2,3.2,3.2,3.2,3.2,3.2,3.2,0,8727515,3.2,3.2,100.0,100,False,False,False
10-02-2021,13:13:33,-92.80000000000001,23,22,67,22,22,23,23,23,22,22,38.4,0,3.2,3.2,3.2,2.2,2.2,3.2,3.2,3.2,3.2,3.2,3.2,3.2,3.2,3.2,0,8954180,3.2,3.2,100.0,100,-90.2,23,22,67,22,22,22,23,23,22,22,38.39,0,3.2,3.2,3.2,2.2,2.2,3.2,3.2,3.2,3.2,3.2,3.2,3.2,3.2,3.2,0,8727784,3.2,3.2,100.0,100,False,False,False
10-02-2021,13:13:36,-92.9,23,22,3,22,22,23,23,23,22,22,38.4,0,3.2,3.2,3.2,2.2,2.2,3.2,3.2,3.2,3.2,3.2,3.2,3.2,3.2,3.2,0,8954457,3.2,3.2,100.0,100,-90.30000000000001,23,22,3,22,22,22,23,23,22,22,38.39,0,3.2,3.2,3.2,2.2,2.2,3.2,3.2,3.2,3.2,3.2,3.2,3.2,3.2,3.2,0,8728053,3.2,3.2,100.0,100,False,False,False
10-02-2021,13:13:39,-92.80000000000001,23,22,67,22,22,23,23,23,22,22,38.4,0,3.2,3.2,3.2,2.2,2.2,3.2,3.2,3.2,3.2,3.2,3.2,3.2,3.2,3.2,0,8954733,3.2,3.2,100.0,100,-90.2,23,22,67,22,22,22,23,23,22,22,38.39,0,3.2,3.2,3.2,2.2,2.2,3.2,3.2,3.2,3.2,3.2,3.2,3.2,3.2,3.2,0,8728321,3.2,3.2,100.0,100,False,False,False
10-02-2021,13:13:42,-92.9,23,22,3,22,22,23,23,23,22,22,38.4,0,3.2,3.2,3.2,2.2,2.2,3.2,3.2,3.2,3.2,3.2,3.2,3.2,3.2,3.2,0,8955010,3.2,3.2,100.0,100,-90.2,23,22,3,22,22,22,23,23,22,22,38.39,0,3.2,3.2,3.2,2.2,2.2,3.2,3.2,3.2,3.2,3.2,3.2,3.2,3.2,3.2,0,8728590,3.2,3.2,100.0,100,False,False,False
10-02-2021,13:13:45,-92.80000000000001,23,22,67,22,22,23,23,23,22,22,38.4,0,3.2,3.2,3.2,2.2,2.2,3.2,3.2,3.2,3.2,3.2,3.2,3.2,3.2,3.2,0,8955286,3.2,3.2,100.0,100,-90.2,23,22,67,22,22,22,23,23,22,22,38.39,0,3.2,3.2,3.2,2.2,2.2,3.2,3.2,3.2,3.2,3.2,3.2,3.2,3.2,3.2,0,8728859,3.2,3.2,100.0,100,False,False,False
10-02-2021,13:13:48,-92.80000000000001,23,22,3,22,22,23,23,23,22,22,38.4,0,3.2,3.2,3.2,2.2,2.2,3.2,3.2,3.2,3.2,3.2,3.2,3.2,3.2,3.2,0,8955563,3.2,3.2,100.0,100,-90.30000000000001,23,22,3,22,22,22,23,23,22,22,38.39,0,3.2,3.2,3.2,2.2,2.2,3.2,3.2,3.2,3.2,3.2,3.2,3.2,3.2,3.2,0,8729128,3.2,3.2,100.0,100,False,False,False
10-02-2021,13:13:51,-92.9,23,22,67,22,22,23,23,23,22,22,38.4,0,3.2,3.2,3.2,2.2,2.2,3.2,3.2,3.2,3.2,3.2,3.2,3.2,3.2,3.2,0,8955839,3.2,3.2,100.0,100,-90.2,23,22,67,22,22,22,23,23,22,22,38.39,0,3.2,3.2,3.2,2.2,2.2,3.2,3.2,3.2,3.2,3.2,3.2,3.2,3.2,3.2,0,8729396,3.2,3.2,100.0,100,False,False,False
10-02-2021,13:13:54,-92.80000000000001,23,22,3,22,22,23,23,23,22,22,38.4,0,3.2,3.2,3.2,2.2,2.2,3.2,3.2,3.2,3.2,3.2,3.2,3.2,3.2,3.2,0,8956115,3.2,3.2,100.0,100,-90.2,23,22,3,22,22,22,23,23,22,22,38.39,0,3.2,3.2,3.2,2.2,2.2,3.2,3.2,3.2,3.2,3.2,3.2,3.2,3.2,3.2,0,8729664,3.2,3.2,100.0,100,False,False,False
10-02-2021,13:13:57,-92.80000000000001,23,22,67,22,22,23,23,23,22,22,38.4,0,3.2,3.2,3.2,2.2,2.2,3.2,3.2,3.2,3.2,3.2,3.2,3.2,3.2,3.2,0,8956392,3.2,3.2,100.0,100,-90.2,23,22,67,22,22,22,23,23,22,22,38.39,0,3.2,3.2,3.2,2.2,2.2,3.2,3.2,3.2,3.2,3.2,3.2,3.2,3.2,3.2,0,8729933,3.2,3.2,100.0,100,False,False,False
10-02-2021,13:14:00,-92.80000000000001,23,22,3,22,22,23,23,23,22,22,38.4,0,3.2,3.2,3.2,2.2,2.2,3.2,3.2,3.2,3.2,3.2,3.2,3.2,3.2,3.2,0,8956669,3.2,3.2,100.0,100,-90.2,23,22,3,22,22,22,23,23,22,22,38.39,0,3.2,3.2,3.2,2.2,2.2,3.2,3.2,3.2,3.2,3.2,3.2,3.2,3.2,3.2,0,8730202,3.2,3.2,100.0,100,False,False,False
10-02-2021,13:14:03,-92.80000000000001,23,22,67,22,22,23,23,23,22,22,38.4,0,3.2,3.2,3.2,2.2,2.2,3.2,3.2,3.2,3.2,3.2,3.2,3.2,3.2,3.2,0,8956945,3.2,3.2,100.0,100,-90.2,23,22,67,22,22,22,23,23,22,22,38.39,0,3.2,3.2,3.2,2.2,2.2,3.2,3.2,3.2,3.2,3.2,3.2,3.2,3.2,3.2,0,8730470,3.2,3.2,100.0,100,False,False,False
10-02-2021,13:14:06,-92.80000000000001,23,22,3,22,22,23,23,23,22,22,38.4,0,3.2,3.2,3.2,2.2,2.2,3.2,3.2,3.2,3.2,3.2,3.2,3.2,3.2,3.2,0,8957222,3.2,3.2,100.0,100,-90.30000000000001,23,22,3,22,22,22,23,23,22,22,38.39,0,3.2,3.2,3.2,2.2,2.2,3.2,3.2,3.2,3.2,3.2,3.2,3.2,3.2,3.2,0,8730739,3.2,3.2,100.0,100,False,False,False
10-02-2021,13:14:09,-92.9,23,22,67,22,22,23,23,23,22,22,38.4,0,3.2,3.2,3.2,2.2,2.2,3.2,3.2,3.2,3.2,3.2,3.2,3.2,3.2,3.2,0,8957498,3.2,3.2,100.0,100,-90.2,23,22,67,22,22,22,23,23,22,22,38.39,0,3.2,3.2,3.2,2.2,2.2,3.2,3.2,3.2,3.2,3.2,3.2,3.2,3.2,3.2,0,8731008,3.2,3.2,100.0,100,False,False,False
10-02-2021,13:14:12,-92.80000000000001,23,22,3,22,22,23,23,23,22,22,38.4,0,3.2,3.2,3.2,2.2,2.2,3.2,3.2,3.2,3.2,3.2,3.2,3.2,3.2,3.2,0,8957775,3.2,3.2,100.0,100,-90.30000000000001,23,22,3,22,22,22,23,23,22,22,38.39,0,3.2,3.2,3.2,2.2,2.2,3.2,3.2,3.2,3.2,3.2,3.2,3.2,3.2,3.2,0,8731277,3.2,3.2,100.0,100,False,False,False
10-02-2021,13:14:14,-92.80000000000001,23,22,67,22,22,23,23,23,22,22,38.4,0,3.2,3.2,3.2,2.2,2.2,3.2,3.2,3.2,3.2,3.2,3.2,3.2,3.2,3.2,0,8958051,3.2,3.2,100.0,100,-90.2,23,22,67,22,22,22,23,23,22,22,38.39,0,3.2,3.2,3.2,2.2,2.2,3.2,3.2,3.2,3.2,3.2,3.2,3.2,3.2,3.2,0,8731545,3.2,3.2,100.0,100,False,False,False
10-02-2021,13:14:17,-92.80000000000001,23,22,3,22,22,23,23,23,22,22,38.4,0,3.2,3.2,3.2,2.2,2.2,3.2,3.2,3.2,3.2,3.2,3.2,3.2,3.2,3.2,0,8958328,3.2,3.2,100.0,100,-90.2,23,22,3,22,22,22,23,23,22,22,38.39,0,3.2,3.2,3.2,2.2,2.2,3.2,3.2,3.2,3.2,3.2,3.2,3.2,3.2,3.2,0,8731814,3.2,3.2,100.0,100,False,False,False
10-02-2021,13:14:20,-92.9,23,22,67,22,22,23,23,23,22,22,38.4,0,3.2,3.2,3.2,2.2,2.2,3.2,3.2,3.2,3.2,3.2,3.2,3.2,3.2,3.2,0,8958604,3.2,3.2,100.0,100,-90.30000000000001,23,22,67,22,22,22,23,23,22,22,38.39,0,3.2,3.2,3.2,2.2,2.2,3.2,3.2,3.2,3.2,3.2,3.2,3.2,3.2,3.2,0,8732082,3.2,3.2,100.0,100,False,False,False
10-02-2021,13:14:23,-92.9,23,22,3,22,22,23,23,23,22,22,38.4,0,3.2,3.2,3.2,2.2,2.2,3.2,3.2,3.2,3.2,3.2,3.2,3.2,3.2,3.2,0,8958881,3.2,3.2,100.0,100,-90.30000000000001,23,22,3,22,22,22,23,23,22,22,38.39,0,3.2,3.2,3.2,2.2,2.2,3.2,3.2,3.2,3.2,3.2,3.2,3.2,3.2,3.2,0,8732351,3.2,3.2,100.0,100,False,False,False
10-02-2021,13:14:26,-92.80000000000001,23,22,67,22,22,23,23,23,22,22,38.4,0,3.2,3.2,3.2,2.2,2.2,3.2,3.2,3.2,3.2,3.2,3.2,3.2,3.2,3.2,0,8959158,3.2,3.2,100.0,100,-90.2,23,22,67,22,22,22,23,23,22,22,38.39,0,3.2,3.2,3.2,2.2,2.2,3.2,3.2,3.2,3.2,3.2,3.2,3.2,3.2,3.2,0,8732619,3.2,3.2,100.0,100,False,False,False
10-02-2021,13:14:29,-92.80000000000001,23,22,3,22,22,23,23,23,22,22,38.4,0,3.2,3.2,3.2,2.2,2.2,3.2,3.2,3.2,3.2,3.2,3.2,3.2,3.2,3.2,0,8959434,3.2,3.2,100.0,100,-90.2,23,22,3,22,22,22,23,23,22,22,38.39,0,3.2,3.2,3.2,2.2,2.2,3.2,3.2,3.2,3.2,3.2,3.2,3.2,3.2,3.2,0,8732888,3.2,3.2,100.0,100,False,False,False
10-02-2021,13:14:32,-92.80000000000001,23,22,67,22,22,23,23,23,22,22,38.4,0,3.2,3.2,3.2,2.2,2.2,3.2,3.2,3.2,3.2,3.2,3.2,3.2,3.2,3.2,0,8959711,3.2,3.2,100.0,100,-90.2,23,22,67,22,22,22,23,23,22,22,38.39,0,3.2,3.2,3.2,2.2,2.2,3.2,3.2,3.2,3.2,3.2,3.2,3.2,3.2,3.2,0,8733157,3.2,3.2,100.0,100,False,False,False
10-02-2021,13:14:35,-92.9,23,22,3,22,22,23,23,23,22,22,38.4,0,3.2,3.2,3.2,2.2,2.2,3.2,3.2,3.2,3.2,3.2,3.2,3.2,3.2,3.2,0,8959987,3.2,3.2,100.0,100,-90.2,23,22,3,22,22,22,23,23,22,22,38.39,0,3.2,3.2,3.2,2.2,2.2,3.2,3.2,3.2,3.2,3.2,3.2,3.2,3.2,3.2,0,8733425,3.2,3.2,100.0,100,False,False,False
10-02-2021,13:14:38,-92.80000000000001,23,22,67,22,22,23,23,23,22,22,38.4,0,3.2,3.2,3.2,2.2,2.2,3.2,3.2,3.2,3.2,3.2,3.2,3.2,3.2,3.2,0,8960264,3.2,3.2,100.0,100,-90.2,23,22,67,22,22,22,23,23,22,22,38.39,0,3.2,3.2,3.2,2.2,2.2,3.2,3.2,3.2,3.2,3.2,3.2,3.2,3.2,3.2,0,8733694,3.2,3.2,100.0,100,False,False,False
10-02-2021,13:14:41,-92.80000000000001,23,22,3,22,22,23,23,23,22,22,38.4,0,3.2,3.2,3.2,2.2,2.2,3.2,3.2,3.2,3.2,3.2,3.2,3.2,3.2,3.2,0,8960541,3.2,3.2,100.0,100,-90.30000000000001,23,22,3,22,22,22,23,23,22,22,38.39,0,3.2,3.2,3.2,2.2,2.2,3.2,3.2,3.2,3.2,3.2,3.2,3.2,3.2,3.2,0,8733962,3.2,3.2,100.0,100,False,False,False
10-02-2021,13:14:44,-92.9,23,22,67,22,22,23,23,23,22,22,38.4,0,3.2,3.2,3.2,2.2,2.2,3.2,3.2,3.2,3.2,3.2,3.2,3.2,3.2,3.2,0,8960817,3.2,3.2,100.0,100,-90.2,23,22,67,22,22,22,23,23,22,22,38.39,0,3.2,3.2,3.2,2.2,2.2,3.2,3.2,3.2,3.2,3.2,3.2,3.2,3.2,3.2,0,8734231,3.2,3.2,100.0,100,False,False,False
10-02-2021,13:14:47,-92.9,23,22,3,22,22,23,23,23,22,22,38.4,0,3.2,3.2,3.2,2.2,2.2,3.2,3.2,3.2,3.2,3.2,3.2,3.2,3.2,3.2,0,8961094,3.2,3.2,100.0,100,-90.2,23,22,3,22,22,22,23,23,22,22,38.39,0,3.2,3.2,3.2,2.2,2.2,3.2,3.2,3.2,3.2,3.2,3.2,3.2,3.2,3.2,0,8734499,3.2,3.2,100.0,100,False,False,False
10-02-2021,13:14:50,-92.80000000000001,23,22,67,22,22,23,23,23,22,22,38.4,0,3.2,3.2,3.2,2.2,2.2,3.2,3.2,3.2,3.2,3.2,3.2,3.2,3.2,3.2,0,8961370,3.2,3.2,100.0,100,-90.2,23,22,67,22,22,22,23,23,22,22,38.39,0,3.2,3.2,3.2,2.2,2.2,3.2,3.2,3.2,3.2,3.2,3.2,3.2,3.2,3.2,0,8734768,3.2,3.2,100.0,100,False,False,False
10-02-2021,13:14:53,-92.80000000000001,23,22,3,22,22,23,23,23,22,22,38.4,0,3.2,3.2,3.2,2.2,2.2,3.2,3.2,3.2,3.2,3.2,3.2,3.2,3.2,3.2,0,8961647,3.2,3.2,100.0,100,-90.2,23,22,3,22,22,22,23,23,22,22,38.39,0,3.2,3.2,3.2,2.2,2.2,3.2,3.2,3.2,3.2,3.2,3.2,3.2,3.2,3.2,0,8735037,3.2,3.2,100.0,100,False,False,False
10-02-2021,13:14:56,-92.80000000000001,23,22,67,22,22,23,23,23,22,22,38.4,0,3.2,3.2,3.2,2.2,2.2,3.2,3.2,3.2,3.2,3.2,3.2,3.2,3.2,3.2,0,8961924,3.2,3.2,100.0,100,-90.30000000000001,23,22,67,22,22,22,23,23,22,22,38.39,0,3.2,3.2,3.2,2.2,2.2,3.2,3.2,3.2,3.2,3.2,3.2,3.2,3.2,3.2,0,8735305,3.2,3.2,100.0,100,False,False,False
10-02-2021,13:14:59,-92.80000000000001,23,22,3,22,22,23,23,23,22,22,38.4,0,3.2,3.2,3.2,2.2,2.2,3.2,3.2,3.2,3.2,3.2,3.2,3.2,3.2,3.2,0,8962200,3.2,3.2,100.0,100,-90.30000000000001,23,22,3,22,22,22,23,23,22,22,38.39,0,3.2,3.2,3.2,2.2,2.2,3.2,3.2,3.2,3.2,3.2,3.2,3.2,3.2,3.2,0,8735574,3.2,3.2,100.0,100,False,False,False
10-02-2021,13:15:02,-92.80000000000001,23,22,67,22,22,23,23,23,22,22,38.4,0,3.2,3.2,3.2,2.2,2.2,3.2,3.2,3.2,3.2,3.2,3.2,3.2,3.2,3.2,0,8962477,3.2,3.2,100.0,100,-90.2,23,22,67,22,22,22,23,23,22,22,38.39,0,3.2,3.2,3.2,2.2,2.2,3.2,3.2,3.2,3.2,3.2,3.2,3.2,3.2,3.2,0,8735842,3.2,3.2,100.0,100,False,False,False
10-02-2021,13:15:05,-92.80000000000001,23,22,3,22,22,23,23,23,22,22,38.4,0,3.2,3.2,3.2,2.2,2.2,3.2,3.2,3.2,3.2,3.2,3.2,3.2,3.2,3.2,0,8962753,3.2,3.2,100.0,100,-90.2,23,22,3,22,22,22,23,23,22,22,38.39,0,3.2,3.2,3.2,2.2,2.2,3.2,3.2,3.2,3.2,3.2,3.2,3.2,3.2,3.2,0,8736111,3.2,3.2,100.0,100,False,False,False
10-02-2021,13:15:08,-92.80000000000001,23,22,67,22,22,23,23,23,22,22,38.4,0,3.2,3.2,3.2,2.2,2.2,3.2,3.2,3.2,3.2,3.2,3.2,3.2,3.2,3.2,0,8963030,3.2,3.2,100.0,100,-90.2,23,22,67,22,22,22,23,23,22,22,38.39,0,3.2,3.2,3.2,2.2,2.2,3.2,3.2,3.2,3.2,3.2,3.2,3.2,3.2,3.2,0,8736380,3.2,3.2,100.0,100,False,False,False
10-02-2021,13:15:11,-92.9,23,22,3,22,22,23,23,23,22,22,38.4,0,3.2,3.2,3.2,2.2,2.2,3.2,3.2,3.2,3.2,3.2,3.2,3.2,3.2,3.2,0,8963307,3.2,3.2,100.0,100,-90.30000000000001,23,22,3,22,22,22,23,23,22,22,38.39,0,3.2,3.2,3.2,2.2,2.2,3.2,3.2,3.2,3.2,3.2,3.2,3.2,3.2,3.2,0,8736648,3.2,3.2,100.0,100,False,False,False
10-02-2021,13:15:14,-92.9,23,22,67,22,22,23,23,23,22,22,38.4,0,3.2,3.2,3.2,2.2,2.2,3.2,3.2,3.2,3.2,3.2,3.2,3.2,3.2,3.2,0,8963583,3.2,3.2,100.0,100,-90.30000000000001,23,22,67,22,22,22,23,23,22,22,38.39,0,3.2,3.2,3.2,2.2,2.2,3.2,3.2,3.2,3.2,3.2,3.2,3.2,3.2,3.2,0,8736916,3.2,3.2,100.0,100,False,False,False
10-02-2021,13:15:17,-92.9,23,22,3,22,22,23,23,23,22,22,38.4,0,3.2,3.2,3.2,2.2,2.2,3.2,3.2,3.2,3.2,3.2,3.2,3.2,3.2,3.2,0,8963860,3.2,3.2,100.0,100,-90.30000000000001,23,22,3,22,22,22,23,23,22,22,38.39,0,3.2,3.2,3.2,2.2,2.2,3.2,3.2,3.2,3.2,3.2,3.2,3.2,3.2,3.2,0,8737185,3.2,3.2,100.0,100,False,False,False
10-02-2021,13:15:20,-92.80000000000001,23,22,67,22,22,23,23,23,22,22,38.4,0,3.2,3.2,3.2,2.2,2.2,3.2,3.2,3.2,3.2,3.2,3.2,3.2,3.2,3.2,0,8964136,3.2,3.2,100.0,100,-90.2,23,22,67,22,22,22,23,23,22,22,38.39,0,3.2,3.2,3.2,2.2,2.2,3.2,3.2,3.2,3.2,3.2,3.2,3.2,3.2,3.2,0,8737454,3.2,3.2,100.0,100,False,False,False
10-02-2021,13:15:23,-92.80000000000001,23,22,3,22,22,23,23,23,22,22,38.4,0,3.2,3.2,3.2,2.2,2.2,3.2,3.2,3.2,3.2,3.2,3.2,3.2,3.2,3.2,0,8964413,3.2,3.2,100.0,100,-90.30000000000001,23,22,3,22,22,22,23,23,22,22,38.39,0,3.2,3.2,3.2,2.2,2.2,3.2,3.2,3.2,3.2,3.2,3.2,3.2,3.2,3.2,0,8737722,3.2,3.2,100.0,100,False,False,False
10-02-2021,13:15:26,-92.9,23,22,67,22,22,23,23,23,22,22,38.4,0,3.2,3.2,3.2,2.2,2.2,3.2,3.2,3.2,3.2,3.2,3.2,3.2,3.2,3.2,0,8964690,3.2,3.2,100.0,100,-90.30000000000001,23,22,67,22,22,22,23,23,22,22,38.39,0,3.2,3.2,3.2,2.2,2.2,3.2,3.2,3.2,3.2,3.2,3.2,3.2,3.2,3.2,0,8737991,3.2,3.2,100.0,100,False,False,False
10-02-2021,13:15:29,-92.80000000000001,23,22,3,22,22,23,23,23,22,22,38.4,0,3.2,3.2,3.2,2.2,2.2,3.2,3.2,3.2,3.2,3.2,3.2,3.2,3.2,3.2,0,8964966,3.2,3.2,100.0,100,-90.2,23,22,3,22,22,22,23,23,22,22,38.39,0,3.2,3.2,3.2,2.2,2.2,3.2,3.2,3.2,3.2,3.2,3.2,3.2,3.2,3.2,0,8738260,3.2,3.2,100.0,100,False,False,False
10-02-2021,13:15:32,-92.80000000000001,23,22,67,22,22,23,23,23,22,22,38.4,0,3.2,3.2,3.2,2.2,2.2,3.2,3.2,3.2,3.2,3.2,3.2,3.2,3.2,3.2,0,8965243,3.2,3.2,100.0,100,-90.2,23,22,67,22,22,22,23,23,22,22,38.39,0,3.2,3.2,3.2,2.2,2.2,3.2,3.2,3.2,3.2,3.2,3.2,3.2,3.2,3.2,0,8738528,3.2,3.2,100.0,100,False,False,False
10-02-2021,13:15:35,-92.9,23,22,3,22,22,23,23,23,22,22,38.4,0,3.2,3.2,3.2,2.2,2.2,3.2,3.2,3.2,3.2,3.2,3.2,3.2,3.2,3.2,0,8965519,3.2,3.2,100.0,100,-90.2,23,22,3,22,22,22,23,23,22,22,38.39,0,3.2,3.2,3.2,2.2,2.2,3.2,3.2,3.2,3.2,3.2,3.2,3.2,3.2,3.2,0,8738797,3.2,3.2,100.0,100,False,False,False
10-02-2021,13:15:38,-92.80000000000001,23,22,67,22,22,23,23,23,22,22,38.4,0,3.2,3.2,3.2,2.2,2.2,3.2,3.2,3.2,3.2,3.2,3.2,3.2,3.2,3.2,0,8965796,3.2,3.2,100.0,100,-90.2,23,22,67,22,22,22,23,23,22,22,38.39,0,3.2,3.2,3.2,2.2,2.2,3.2,3.2,3.2,3.2,3.2,3.2,3.2,3.2,3.2,0,8739066,3.2,3.2,100.0,100,False,False,False
10-02-2021,13:15:41,-92.80000000000001,23,22,3,22,22,23,23,23,22,22,38.4,0,3.2,3.2,3.2,2.2,2.2,3.2,3.2,3.2,3.2,3.2,3.2,3.2,3.2,3.2,0,8966072,3.2,3.2,100.0,100,-90.2,23,22,3,22,22,22,23,23,22,22,38.39,0,3.2,3.2,3.2,2.2,2.2,3.2,3.2,3.2,3.2,3.2,3.2,3.2,3.2,3.2,0,8739334,3.2,3.2,100.0,100,False,False,False
10-02-2021,13:15:44,-92.9,23,22,67,22,22,23,23,23,22,22,38.4,0,3.2,3.2,3.2,2.2,2.2,3.2,3.2,3.2,3.2,3.2,3.2,3.2,3.2,3.2,0,8966349,3.2,3.2,100.0,100,-90.2,23,22,67,22,22,22,23,23,22,22,38.39,0,3.2,3.2,3.2,2.2,2.2,3.2,3.2,3.2,3.2,3.2,3.2,3.2,3.2,3.2,0,8739602,3.2,3.2,100.0,100,False,False,False
10-02-2021,13:15:47,-92.80000000000001,23,22,3,22,22,23,23,23,22,22,38.4,0,3.2,3.2,3.2,2.2,2.2,3.2,3.2,3.2,3.2,3.2,3.2,3.2,3.2,3.2,0,8966625,3.2,3.2,100.0,100,-90.2,23,22,3,22,22,22,23,23,22,22,38.39,0,3.2,3.2,3.2,2.2,2.2,3.2,3.2,3.2,3.2,3.2,3.2,3.2,3.2,3.2,0,8739871,3.2,3.2,100.0,100,False,False,False
10-02-2021,13:15:50,-92.9,23,22,67,22,22,23,23,23,22,22,38.4,0,3.2,3.2,3.2,2.2,2.2,3.2,3.2,3.2,3.2,3.2,3.2,3.2,3.2,3.2,0,8966902,3.2,3.2,100.0,100,-90.2,23,22,67,22,22,22,23,23,22,22,38.39,0,3.2,3.2,3.2,2.2,2.2,3.2,3.2,3.2,3.2,3.2,3.2,3.2,3.2,3.2,0,8740139,3.2,3.2,100.0,100,False,False,False
10-02-2021,13:15:53,-92.80000000000001,23,22,3,22,22,23,23,23,22,22,38.4,0,3.2,3.2,3.2,2.2,2.2,3.2,3.2,3.2,3.2,3.2,3.2,3.2,3.2,3.2,0,8967178,3.2,3.2,100.0,100,-90.2,23,22,3,22,22,22,23,23,22,22,38.39,0,3.2,3.2,3.2,2.2,2.2,3.2,3.2,3.2,3.2,3.2,3.2,3.2,3.2,3.2,0,8740408,3.2,3.2,100.0,100,False,False,False
10-02-2021,13:15:56,-92.80000000000001,23,22,67,22,22,23,23,23,22,22,38.4,0,3.2,3.2,3.2,2.2,2.2,3.2,3.2,3.2,3.2,3.2,3.2,3.2,3.2,3.2,0,8967455,3.2,3.2,100.0,100,-90.2,23,22,67,22,22,22,23,23,22,22,38.39,0,3.2,3.2,3.2,2.2,2.2,3.2,3.2,3.2,3.2,3.2,3.2,3.2,3.2,3.2,0,8740676,3.2,3.2,100.0,100,False,False,False
10-02-2021,13:15:59,-92.9,23,22,3,22,22,23,23,23,22,22,38.4,0,3.2,3.2,3.2,2.2,2.2,3.2,3.2,3.2,3.2,3.2,3.2,3.2,3.2,3.2,0,8967731,3.2,3.2,100.0,100,-90.30000000000001,23,22,3,22,22,22,23,23,22,22,38.39,0,3.2,3.2,3.2,2.2,2.2,3.2,3.2,3.2,3.2,3.2,3.2,3.2,3.2,3.2,0,8740945,3.2,3.2,100.0,100,False,False,False
10-02-2021,13:16:02,-92.80000000000001,23,22,67,22,22,23,23,23,22,22,38.4,0,3.2,3.2,3.2,2.2,2.2,3.2,3.2,3.2,3.2,3.2,3.2,3.2,3.2,3.2,0,8968008,3.2,3.2,100.0,100,-90.2,23,22,67,22,22,22,23,23,22,22,38.39,0,3.2,3.2,3.2,2.2,2.2,3.2,3.2,3.2,3.2,3.2,3.2,3.2,3.2,3.2,0,8741213,3.2,3.2,100.0,100,False,False,False
10-02-2021,13:16:05,-92.80000000000001,23,22,3,22,22,23,23,23,22,22,38.4,0,3.2,3.2,3.2,2.2,2.2,3.2,3.2,3.2,3.2,3.2,3.2,3.2,3.2,3.2,0,8968285,3.2,3.2,100.0,100,-90.10000000000001,23,22,3,22,22,22,23,23,22,22,38.39,0,3.2,3.2,3.2,2.2,2.2,3.2,3.2,3.2,3.2,3.2,3.2,3.2,3.2,3.2,0,8741481,3.2,3.2,100.0,100,False,False,False
10-02-2021,13:16:08,-92.80000000000001,23,22,67,22,22,23,23,23,22,22,38.4,0,3.2,3.2,3.2,2.2,2.2,3.2,3.2,3.2,3.2,3.2,3.2,3.2,3.2,3.2,0,8968561,3.2,3.2,100.0,100,-90.2,23,22,67,22,22,22,23,23,22,22,38.39,0,3.2,3.2,3.2,2.2,2.2,3.2,3.2,3.2,3.2,3.2,3.2,3.2,3.2,3.2,0,8741750,3.2,3.2,100.0,100,False,False,False
10-02-2021,13:16:11,-92.9,23,22,3,22,22,23,23,23,22,22,38.4,0,3.2,3.2,3.2,2.2,2.2,3.2,3.2,3.2,3.2,3.2,3.2,3.2,3.2,3.2,0,8968838,3.2,3.2,100.0,100,-90.2,23,22,3,22,22,22,23,23,22,22,38.39,0,3.2,3.2,3.2,2.2,2.2,3.2,3.2,3.2,3.2,3.2,3.2,3.2,3.2,3.2,0,8742018,3.2,3.2,100.0,100,False,False,False
10-02-2021,13:16:14,-92.9,23,22,67,22,22,23,23,23,22,22,38.4,0,3.2,3.2,3.2,2.2,2.2,3.2,3.2,3.2,3.2,3.2,3.2,3.2,3.2,3.2,0,8969207,3.2,3.2,100.0,100,-90.10000000000001,23,22,67,22,22,22,23,23,22,22,38.39,0,3.2,3.2,3.2,2.2,2.2,3.2,3.2,3.2,3.2,3.2,3.2,3.2,3.2,3.2,0,8742287,3.2,3.2,100.0,100,False,False,False
10-02-2021,13:16:17,-92.80000000000001,23,22,3,22,22,23,23,23,22,22,38.4,0,3.2,3.2,3.2,2.2,2.2,3.2,3.2,3.2,3.2,3.2,3.2,3.2,3.2,3.2,0,8969485,3.2,3.2,100.0,100,-90.2,23,22,3,22,22,22,23,23,22,22,38.39,0,3.2,3.2,3.2,2.2,2.2,3.2,3.2,3.2,3.2,3.2,3.2,3.2,3.2,3.2,0,8742555,3.2,3.2,100.0,100,False,False,False
10-02-2021,13:16:20,-92.9,23,22,67,22,22,23,23,23,22,22,38.4,0,3.2,3.2,3.2,2.2,2.2,3.2,3.2,3.2,3.2,3.2,3.2,3.2,3.2,3.2,0,8969763,3.2,3.2,100.0,100,-90.10000000000001,23,22,67,22,22,22,23,23,22,22,38.39,0,3.2,3.2,3.2,2.2,2.2,3.2,3.2,3.2,3.2,3.2,3.2,3.2,3.2,3.2,0,8742824,3.2,3.2,100.0,100,False,False,False
10-02-2021,13:16:23,-92.80000000000001,23,22,3,22,22,23,23,23,22,22,38.4,0,3.2,3.2,3.2,2.2,2.2,3.2,3.2,3.2,3.2,3.2,3.2,3.2,3.2,3.2,0,8969947,3.2,3.2,100.0,100,-90.2,23,22,3,22,22,22,23,23,22,22,38.39,0,3.2,3.2,3.2,2.2,2.2,3.2,3.2,3.2,3.2,3.2,3.2,3.2,3.2,3.2,0,8743092,3.2,3.2,100.0,100,False,False,False
10-02-2021,13:16:26,-92.9,23,22,67,22,22,23,23,23,22,22,38.4,0,3.2,3.2,3.2,2.2,2.2,3.2,3.2,3.2,3.2,3.2,3.2,3.2,3.2,3.2,0,8970223,3.2,3.2,100.0,100,-90.2,23,22,67,22,22,22,23,23,22,22,38.39,0,3.2,3.2,3.2,2.2,2.2,3.2,3.2,3.2,3.2,3.2,3.2,3.2,3.2,3.2,0,8743361,3.2,3.2,100.0,100,False,False,False
10-02-2021,13:16:29,-92.80000000000001,23,22,3,22,22,23,23,23,22,22,38.4,0,3.2,3.2,3.2,2.2,2.2,3.2,3.2,3.2,3.2,3.2,3.2,3.2,3.2,3.2,0,8970593,3.2,3.2,100.0,100,-90.2,23,22,3,22,22,22,23,23,22,22,38.39,0,3.2,3.2,3.2,2.2,2.2,3.2,3.2,3.2,3.2,3.2,3.2,3.2,3.2,3.2,0,8743629,3.2,3.2,100.0,100,False,False,False
10-02-2021,13:16:32,-92.80000000000001,23,22,67,22,22,23,23,23,22,22,38.4,0,3.2,3.2,3.2,2.2,2.2,3.2,3.2,3.2,3.2,3.2,3.2,3.2,3.2,3.2,0,8970869,3.2,3.2,100.0,100,-90.2,23,22,67,22,22,22,23,23,22,22,38.39,0,3.2,3.2,3.2,2.2,2.2,3.2,3.2,3.2,3.2,3.2,3.2,3.2,3.2,3.2,0,8743898,3.2,3.2,100.0,100,False,False,False
10-02-2021,13:16:35,-92.9,23,22,3,22,22,23,23,23,22,22,38.4,0,3.2,3.2,3.2,2.2,2.2,3.2,3.2,3.2,3.2,3.2,3.2,3.2,3.2,3.2,0,8971146,3.2,3.2,100.0,100,-90.2,23,22,3,22,22,22,23,23,22,22,38.39,0,3.2,3.2,3.2,2.2,2.2,3.2,3.2,3.2,3.2,3.2,3.2,3.2,3.2,3.2,0,8744166,3.2,3.2,100.0,100,False,False,False
10-02-2021,13:16:38,-92.9,23,22,67,22,22,23,23,23,22,22,38.4,0,3.2,3.2,3.2,2.2,2.2,3.2,3.2,3.2,3.2,3.2,3.2,3.2,3.2,3.2,0,8971423,3.2,3.2,100.0,100,-90.2,23,22,67,22,22,22,23,23,22,22,38.39,0,3.2,3.2,3.2,2.2,2.2,3.2,3.2,3.2,3.2,3.2,3.2,3.2,3.2,3.2,0,8744435,3.2,3.2,100.0,100,False,False,False
10-02-2021,13:16:41,-92.9,23,22,3,22,22,23,23,23,22,22,38.4,0,3.2,3.2,3.2,2.2,2.2,3.2,3.2,3.2,3.2,3.2,3.2,3.2,3.2,3.2,0,8971701,3.2,3.2,100.0,100,-90.2,23,22,3,22,22,22,23,23,22,22,38.39,0,3.2,3.2,3.2,2.2,2.2,3.2,3.2,3.2,3.2,3.2,3.2,3.2,3.2,3.2,0,8744703,3.2,3.2,100.0,100,False,False,False
10-02-2021,13:16:44,-92.80000000000001,23,22,67,22,22,23,23,23,22,22,38.4,0,3.2,3.2,3.2,2.2,2.2,3.2,3.2,3.2,3.2,3.2,3.2,3.2,3.2,3.2,0,8971885,3.2,3.2,100.0,100,-90.2,23,22,67,22,22,22,23,23,22,22,38.39,0,3.2,3.2,3.2,2.2,2.2,3.2,3.2,3.2,3.2,3.2,3.2,3.2,3.2,3.2,0,8744972,3.2,3.2,100.0,100,False,False,False
10-02-2021,13:16:47,-92.80000000000001,23,22,3,22,22,23,23,23,22,22,38.4,0,3.2,3.2,3.2,2.2,2.2,3.2,3.2,3.2,3.2,3.2,3.2,3.2,3.2,3.2,0,8972254,3.2,3.2,100.0,100,-90.2,23,22,3,22,22,22,23,23,22,22,38.39,0,3.2,3.2,3.2,2.2,2.2,3.2,3.2,3.2,3.2,3.2,3.2,3.2,3.2,3.2,0,8745240,3.2,3.2,100.0,100,False,False,False
10-02-2021,13:16:50,-92.80000000000001,23,22,67,22,22,23,23,23,22,22,38.4,0,3.2,3.2,3.2,2.2,2.2,3.2,3.2,3.2,3.2,3.2,3.2,3.2,3.2,3.2,0,8972531,3.2,3.2,100.0,100,-90.30000000000001,23,22,67,22,22,22,23,23,22,22,38.39,0,3.2,3.2,3.2,2.2,2.2,3.2,3.2,3.2,3.2,3.2,3.2,3.2,3.2,3.2,0,8745509,3.2,3.2,100.0,100,False,False,False
10-02-2021,13:16:53,-92.80000000000001,23,22,3,22,22,23,23,23,22,22,38.4,0,3.2,3.2,3.2,2.2,2.2,3.2,3.2,3.2,3.2,3.2,3.2,3.2,3.2,3.2,0,8972808,3.2,3.2,100.0,100,-90.2,23,22,3,22,22,22,23,23,22,22,38.39,0,3.2,3.2,3.2,2.2,2.2,3.2,3.2,3.2,3.2,3.2,3.2,3.2,3.2,3.2,0,8745778,3.2,3.2,100.0,100,False,False,False
10-02-2021,13:16:56,-92.80000000000001,23,22,67,22,22,23,23,23,22,22,38.4,0,3.2,3.2,3.2,2.2,2.2,3.2,3.2,3.2,3.2,3.2,3.2,3.2,3.2,3.2,0,8972993,3.2,3.2,100.0,100,-90.10000000000001,23,22,67,22,22,22,23,23,22,22,38.39,0,3.2,3.2,3.2,2.2,2.2,3.2,3.2,3.2,3.2,3.2,3.2,3.2,3.2,3.2,0,8746046,3.2,3.2,100.0,100,False,False,False
10-02-2021,13:16:59,-92.80000000000001,23,22,3,22,22,23,23,23,22,22,38.4,0,3.2,3.2,3.2,2.2,2.2,3.2,3.2,3.2,3.2,3.2,3.2,3.2,3.2,3.2,0,8973365,3.2,3.2,100.0,100,-90.30000000000001,23,22,3,22,22,22,23,23,22,22,38.39,0,3.2,3.2,3.2,2.2,2.2,3.2,3.2,3.2,3.2,3.2,3.2,3.2,3.2,3.2,0,8746314,3.2,3.2,100.0,100,False,False,False
10-02-2021,13:17:02,-92.9,23,22,67,22,22,23,23,23,22,22,38.4,0,3.2,3.2,3.2,2.2,2.2,3.2,3.2,3.2,3.2,3.2,3.2,3.2,3.2,3.2,0,8973549,3.2,3.2,100.0,100,-90.2,23,22,67,22,22,22,23,23,22,22,38.39,0,3.2,3.2,3.2,2.2,2.2,3.2,3.2,3.2,3.2,3.2,3.2,3.2,3.2,3.2,0,8746583,3.2,3.2,100.0,100,False,False,False
10-02-2021,13:17:05,-92.80000000000001,23,22,3,22,22,23,23,23,22,22,38.4,0,3.2,3.2,3.2,2.2,2.2,3.2,3.2,3.2,3.2,3.2,3.2,3.2,3.2,3.2,0,8973826,3.2,3.2,100.0,100,-90.30000000000001,23,22,3,22,22,22,23,23,22,22,38.39,0,3.2,3.2,3.2,2.2,2.2,3.2,3.2,3.2,3.2,3.2,3.2,3.2,3.2,3.2,0,8746851,3.2,3.2,100.0,100,False,False,False
10-02-2021,13:17:08,-92.80000000000001,23,22,67,22,22,23,23,23,22,22,38.4,0,3.2,3.2,3.2,2.2,2.2,3.2,3.2,3.2,3.2,3.2,3.2,3.2,3.2,3.2,0,8974102,3.2,3.2,100.0,100,-90.2,23,22,67,22,22,22,23,23,22,22,38.39,0,3.2,3.2,3.2,2.2,2.2,3.2,3.2,3.2,3.2,3.2,3.2,3.2,3.2,3.2,0,8747120,3.2,3.2,100.0,100,False,False,False
10-02-2021,13:17:11,-92.80000000000001,23,22,3,22,22,23,23,23,22,22,38.4,0,3.2,3.2,3.2,2.2,2.2,3.2,3.2,3.2,3.2,3.2,3.2,3.2,3.2,3.2,0,8974379,3.2,3.2,100.0,100,-90.30000000000001,23,22,3,22,22,22,23,23,22,22,38.39,0,3.2,3.2,3.2,2.2,2.2,3.2,3.2,3.2,3.2,3.2,3.2,3.2,3.2,3.2,0,8747389,3.2,3.2,100.0,100,False,False,False
10-02-2021,13:17:14,-92.80000000000001,23,22,67,22,22,23,23,23,22,22,38.4,0,3.2,3.2,3.2,2.2,2.2,3.2,3.2,3.2,3.2,3.2,3.2,3.2,3.2,3.2,0,8974655,3.2,3.2,100.0,100,-90.10000000000001,23,22,67,22,22,22,23,23,22,22,38.39,0,3.2,3.2,3.2,2.2,2.2,3.2,3.2,3.2,3.2,3.2,3.2,3.2,3.2,3.2,0,8747657,3.2,3.2,100.0,100,False,False,False
10-02-2021,13:17:17,-92.9,23,22,3,22,22,23,23,23,22,22,38.4,0,3.2,3.2,3.2,2.2,2.2,3.2,3.2,3.2,3.2,3.2,3.2,3.2,3.2,3.2,0,8974932,3.2,3.2,100.0,100,-90.2,23,22,3,22,22,22,23,23,22,22,38.39,0,3.2,3.2,3.2,2.2,2.2,3.2,3.2,3.2,3.2,3.2,3.2,3.2,3.2,3.2,0,8747926,3.2,3.2,100.0,100,False,False,False
10-02-2021,13:17:20,-92.80000000000001,23,22,67,22,22,23,23,23,22,22,38.4,0,3.2,3.2,3.2,2.2,2.2,3.2,3.2,3.2,3.2,3.2,3.2,3.2,3.2,3.2,0,8975301,3.2,3.2,100.0,100,-90.2,23,22,67,22,22,22,23,23,22,22,38.39,0,3.2,3.2,3.2,2.2,2.2,3.2,3.2,3.2,3.2,3.2,3.2,3.2,3.2,3.2,0,8748194,3.2,3.2,100.0,100,False,False,False
10-02-2021,13:17:23,-92.9,23,22,3,22,22,23,23,23,22,22,38.4,0,3.2,3.2,3.2,2.2,2.2,3.2,3.2,3.2,3.2,3.2,3.2,3.2,3.2,3.2,0,8975578,3.2,3.2,100.0,100,-90.2,23,22,3,22,22,22,23,23,22,22,38.39,0,3.2,3.2,3.2,2.2,2.2,3.2,3.2,3.2,3.2,3.2,3.2,3.2,3.2,3.2,0,8748463,3.2,3.2,100.0,100,False,False,False
10-02-2021,13:17:26,-92.80000000000001,23,22,67,22,22,23,23,23,22,22,38.4,0,3.2,3.2,3.2,2.2,2.2,3.2,3.2,3.2,3.2,3.2,3.2,3.2,3.2,3.2,0,8975854,3.2,3.2,100.0,100,-90.30000000000001,23,22,67,22,22,22,23,23,22,22,38.39,0,3.2,3.2,3.2,2.2,2.2,3.2,3.2,3.2,3.2,3.2,3.2,3.2,3.2,3.2,0,8748731,3.2,3.2,100.0,100,False,False,False
10-02-2021,13:17:29,-92.80000000000001,23,22,3,22,22,23,23,23,22,22,38.4,0,3.2,3.2,3.2,2.2,2.2,3.2,3.2,3.2,3.2,3.2,3.2,3.2,3.2,3.2,0,8976131,3.2,3.2,100.0,100,-90.30000000000001,23,22,3,22,22,22,23,23,22,22,38.39,0,3.2,3.2,3.2,2.2,2.2,3.2,3.2,3.2,3.2,3.2,3.2,3.2,3.2,3.2,0,8749000,3.2,3.2,100.0,100,False,False,False
10-02-2021,13:17:32,-92.80000000000001,23,22,67,22,22,23,23,23,22,22,38.4,0,3.2,3.2,3.2,2.2,2.2,3.2,3.2,3.2,3.2,3.2,3.2,3.2,3.2,3.2,0,8976408,3.2,3.2,100.0,100,-90.2,23,22,67,22,22,22,23,23,22,22,38.39,0,3.2,3.2,3.2,2.2,2.2,3.2,3.2,3.2,3.2,3.2,3.2,3.2,3.2,3.2,0,8749269,3.2,3.2,100.0,100,False,False,False
10-02-2021,13:17:35,-92.80000000000001,23,22,3,22,22,23,23,23,22,22,38.4,0,3.2,3.2,3.2,2.2,2.2,3.2,3.2,3.2,3.2,3.2,3.2,3.2,3.2,3.2,0,8976685,3.2,3.2,100.0,100,-90.30000000000001,23,22,3,22,22,22,23,23,22,22,38.39,0,3.2,3.2,3.2,2.2,2.2,3.2,3.2,3.2,3.2,3.2,3.2,3.2,3.2,3.2,0,8749537,3.2,3.2,100.0,100,False,False,False
10-02-2021,13:17:38,-92.80000000000001,23,22,67,22,22,23,23,23,22,22,38.4,0,3.2,3.2,3.2,2.2,2.2,3.2,3.2,3.2,3.2,3.2,3.2,3.2,3.2,3.2,0,8976962,3.2,3.2,100.0,100,-90.2,23,22,67,22,22,22,23,23,22,22,38.39,0,3.2,3.2,3.2,2.2,2.2,3.2,3.2,3.2,3.2,3.2,3.2,3.2,3.2,3.2,0,8749806,3.2,3.2,100.0,100,False,False,False
10-02-2021,13:17:41,-92.80000000000001,23,22,3,22,22,23,23,23,22,22,38.4,0,3.2,3.2,3.2,2.2,2.2,3.2,3.2,3.2,3.2,3.2,3.2,3.2,3.2,3.2,0,8977239,3.2,3.2,100.0,100,-90.2,23,22,3,22,22,22,23,23,22,22,38.39,0,3.2,3.2,3.2,2.2,2.2,3.2,3.2,3.2,3.2,3.2,3.2,3.2,3.2,3.2,0,8750075,3.2,3.2,100.0,100,False,False,False
10-02-2021,13:17:44,-92.80000000000001,23,22,67,22,22,23,23,23,22,22,38.4,0,3.2,3.2,3.2,2.2,2.2,3.2,3.2,3.2,3.2,3.2,3.2,3.2,3.2,3.2,0,8977516,3.2,3.2,100.0,100,-90.2,23,22,67,22,22,22,23,23,22,22,38.39,0,3.2,3.2,3.2,2.2,2.2,3.2,3.2,3.2,3.2,3.2,3.2,3.2,3.2,3.2,0,8750343,3.2,3.2,100.0,100,False,False,False
10-02-2021,13:17:47,-92.80000000000001,23,22,3,22,22,23,23,23,22,22,38.4,0,3.2,3.2,3.2,2.2,2.2,3.2,3.2,3.2,3.2,3.2,3.2,3.2,3.2,3.2,0,8977793,3.2,3.2,100.0,100,-90.2,23,22,3,22,22,22,23,23,22,22,38.39,0,3.2,3.2,3.2,2.2,2.2,3.2,3.2,3.2,3.2,3.2,3.2,3.2,3.2,3.2,0,8750612,3.2,3.2,100.0,100,False,False,False
10-02-2021,13:17:50,-92.80000000000001,23,22,67,22,22,23,23,23,22,22,38.4,0,3.2,3.2,3.2,2.2,2.2,3.2,3.2,3.2,3.2,3.2,3.2,3.2,3.2,3.2,0,8978070,3.2,3.2,100.0,100,-90.30000000000001,23,22,67,22,22,22,23,23,22,22,38.39,0,3.2,3.2,3.2,2.2,2.2,3.2,3.2,3.2,3.2,3.2,3.2,3.2,3.2,3.2,0,8750880,3.2,3.2,100.0,100,False,False,False
10-02-2021,13:17:53,-92.80000000000001,23,22,3,22,22,23,23,23,22,22,38.4,0,3.2,3.2,3.2,2.2,2.2,3.2,3.2,3.2,3.2,3.2,3.2,3.2,3.2,3.2,0,8978346,3.2,3.2,100.0,100,-90.30000000000001,23,22,3,22,22,22,23,23,22,22,38.39,0,3.2,3.2,3.2,2.2,2.2,3.2,3.2,3.2,3.2,3.2,3.2,3.2,3.2,3.2,0,8751149,3.2,3.2,100.0,100,False,False,False
10-02-2021,13:17:56,-92.80000000000001,23,22,67,22,22,23,23,23,22,22,38.4,0,3.2,3.2,3.2,2.2,2.2,3.2,3.2,3.2,3.2,3.2,3.2,3.2,3.2,3.2,0,8978623,3.2,3.2,100.0,100,-90.30000000000001,23,22,67,22,22,22,23,23,22,22,38.39,0,3.2,3.2,3.2,2.2,2.2,3.2,3.2,3.2,3.2,3.2,3.2,3.2,3.2,3.2,0,8751417,3.2,3.2,100.0,100,False,False,False
10-02-2021,13:17:59,-92.80000000000001,23,22,3,22,22,23,23,23,22,22,38.4,0,3.2,3.2,3.2,2.2,2.2,3.2,3.2,3.2,3.2,3.2,3.2,3.2,3.2,3.2,0,8978901,3.2,3.2,100.0,100,-90.2,23,22,3,22,22,22,23,23,22,22,38.39,0,3.2,3.2,3.2,2.2,2.2,3.2,3.2,3.2,3.2,3.2,3.2,3.2,3.2,3.2,0,8751686,3.2,3.2,100.0,100,False,False,False
10-02-2021,13:18:02,-92.80000000000001,23,22,67,22,22,23,23,23,22,22,38.4,0,3.2,3.2,3.2,2.2,2.2,3.2,3.2,3.2,3.2,3.2,3.2,3.2,3.2,3.2,0,8979085,3.2,3.2,100.0,100,-90.30000000000001,23,22,67,22,22,22,23,23,22,22,38.39,0,3.2,3.2,3.2,2.2,2.2,3.2,3.2,3.2,3.2,3.2,3.2,3.2,3.2,3.2,0,8751955,3.2,3.2,100.0,100,False,False,False
10-02-2021,13:18:05,-92.80000000000001,23,22,3,22,22,23,23,23,22,22,38.4,0,3.2,3.2,3.2,2.2,2.2,3.2,3.2,3.2,3.2,3.2,3.2,3.2,3.2,3.2,0,8979454,3.2,3.2,100.0,100,-90.2,23,22,3,22,22,22,23,23,22,22,38.39,0,3.2,3.2,3.2,2.2,2.2,3.2,3.2,3.2,3.2,3.2,3.2,3.2,3.2,3.2,0,8752224,3.2,3.2,100.0,100,False,False,False
10-02-2021,13:18:07,-92.80000000000001,23,22,67,22,22,23,23,23,22,22,38.4,0,3.2,3.2,3.2,2.2,2.2,3.2,3.2,3.2,3.2,3.2,3.2,3.2,3.2,3.2,0,8979638,3.2,3.2,100.0,100,-90.30000000000001,23,22,67,22,22,22,23,23,22,22,38.39,0,3.2,3.2,3.2,2.2,2.2,3.2,3.2,3.2,3.2,3.2,3.2,3.2,3.2,3.2,0,8752492,3.2,3.2,100.0,100,False,False,False
10-02-2021,13:18:10,-92.80000000000001,23,22,3,22,22,23,23,23,22,22,38.4,0,3.2,3.2,3.2,2.2,2.2,3.2,3.2,3.2,3.2,3.2,3.2,3.2,3.2,3.2,0,8979915,3.2,3.2,100.0,100,-90.2,23,22,3,22,22,22,23,23,22,22,38.39,0,3.2,3.2,3.2,2.2,2.2,3.2,3.2,3.2,3.2,3.2,3.2,3.2,3.2,3.2,0,8752761,3.2,3.2,100.0,100,False,False,False
10-02-2021,13:18:13,-92.80000000000001,23,22,67,22,22,23,23,23,22,22,38.4,0,3.2,3.2,3.2,2.2,2.2,3.2,3.2,3.2,3.2,3.2,3.2,3.2,3.2,3.2,0,8980284,3.2,3.2,100.0,100,-90.2,23,22,67,22,22,22,23,23,22,22,38.39,0,3.2,3.2,3.2,2.2,2.2,3.2,3.2,3.2,3.2,3.2,3.2,3.2,3.2,3.2,0,8753030,3.2,3.2,100.0,100,False,False,False
10-02-2021,13:18:16,-92.7,23,22,3,22,22,23,23,23,22,22,38.4,0,3.2,3.2,3.2,2.2,2.2,3.2,3.2,3.2,3.2,3.2,3.2,3.2,3.2,3.2,0,8980560,3.2,3.2,100.0,100,-90.2,23,22,3,22,22,22,23,23,22,22,38.39,0,3.2,3.2,3.2,2.2,2.2,3.2,3.2,3.2,3.2,3.2,3.2,3.2,3.2,3.2,0,8753299,3.2,3.2,100.0,100,False,False,False
10-02-2021,13:18:19,-92.80000000000001,23,22,67,22,22,23,23,23,22,22,38.4,0,3.2,3.2,3.2,2.2,2.2,3.2,3.2,3.2,3.2,3.2,3.2,3.2,3.2,3.2,0,8980837,3.2,3.2,100.0,100,-90.2,23,22,67,22,22,22,23,23,22,22,38.39,0,3.2,3.2,3.2,2.2,2.2,3.2,3.2,3.2,3.2,3.2,3.2,3.2,3.2,3.2,0,8753567,3.2,3.2,100.0,100,False,False,False
10-02-2021,13:18:22,-92.80000000000001,23,22,3,22,22,23,23,23,22,22,38.4,0,3.2,3.2,3.2,2.2,2.2,3.2,3.2,3.2,3.2,3.2,3.2,3.2,3.2,3.2,0,8981114,3.2,3.2,100.0,100,-90.2,23,22,3,22,22,22,23,23,22,22,38.39,0,3.2,3.2,3.2,2.2,2.2,3.2,3.2,3.2,3.2,3.2,3.2,3.2,3.2,3.2,0,8753836,3.2,3.2,100.0,100,False,False,False
10-02-2021,13:18:25,-92.80000000000001,23,22,67,22,22,23,23,23,22,22,38.4,0,3.2,3.2,3.2,2.2,2.2,3.2,3.2,3.2,3.2,3.2,3.2,3.2,3.2,3.2,0,8981391,3.2,3.2,100.0,100,-90.2,23,22,67,22,22,22,23,23,22,22,38.39,0,3.2,3.2,3.2,2.2,2.2,3.2,3.2,3.2,3.2,3.2,3.2,3.2,3.2,3.2,0,8754104,3.2,3.2,100.0,100,False,False,False
10-02-2021,13:18:28,-92.80000000000001,23,22,3,22,22,23,23,23,22,22,38.4,0,3.2,3.2,3.2,2.2,2.2,3.2,3.2,3.2,3.2,3.2,3.2,3.2,3.2,3.2,0,8981667,3.2,3.2,100.0,100,-90.2,23,22,3,22,22,22,23,23,22,22,38.39,0,3.2,3.2,3.2,2.2,2.2,3.2,3.2,3.2,3.2,3.2,3.2,3.2,3.2,3.2,0,8754373,3.2,3.2,100.0,100,False,False,False
10-02-2021,13:18:31,-92.80000000000001,23,22,67,22,22,23,23,23,22,22,38.4,0,3.2,3.2,3.2,2.2,2.2,3.2,3.2,3.2,3.2,3.2,3.2,3.2,3.2,3.2,0,8981944,3.2,3.2,100.0,100,-90.2,23,22,67,22,22,22,23,23,22,22,38.39,0,3.2,3.2,3.2,2.2,2.2,3.2,3.2,3.2,3.2,3.2,3.2,3.2,3.2,3.2,0,8754642,3.2,3.2,100.0,100,False,False,False
10-02-2021,13:18:34,-92.80000000000001,23,22,3,22,22,23,23,23,22,22,38.4,0,3.2,3.2,3.2,2.2,2.2,3.2,3.2,3.2,3.2,3.2,3.2,3.2,3.2,3.2,0,8982221,3.2,3.2,100.0,100,-90.2,23,22,3,22,22,22,23,23,22,22,38.39,0,3.2,3.2,3.2,2.2,2.2,3.2,3.2,3.2,3.2,3.2,3.2,3.2,3.2,3.2,0,8754910,3.2,3.2,100.0,100,False,False,False
10-02-2021,13:18:37,-92.80000000000001,23,22,67,22,22,23,23,23,22,22,38.4,0,3.2,3.2,3.2,2.2,2.2,3.2,3.2,3.2,3.2,3.2,3.2,3.2,3.2,3.2,0,8982497,3.2,3.2,100.0,100,-90.2,23,22,67,22,22,22,23,23,22,22,38.39,0,3.2,3.2,3.2,2.2,2.2,3.2,3.2,3.2,3.2,3.2,3.2,3.2,3.2,3.2,0,8755179,3.2,3.2,100.0,100,False,False,False
10-02-2021,13:18:40,-92.80000000000001,23,22,3,22,22,23,23,23,22,22,38.4,0,3.2,3.2,3.2,2.2,2.2,3.2,3.2,3.2,3.2,3.2,3.2,3.2,3.2,3.2,0,8982774,3.2,3.2,100.0,100,-90.30000000000001,23,22,3,22,22,22,23,23,22,22,38.39,0,3.2,3.2,3.2,2.2,2.2,3.2,3.2,3.2,3.2,3.2,3.2,3.2,3.2,3.2,0,8755448,3.2,3.2,100.0,100,False,False,False
10-02-2021,13:18:43,-92.7,23,22,67,22,22,23,23,23,22,22,38.4,0,3.2,3.2,3.2,2.2,2.2,3.2,3.2,3.2,3.2,3.2,3.2,3.2,3.2,3.2,0,8983050,3.2,3.2,100.0,100,-90.2,23,22,67,22,22,22,23,23,22,22,38.39,0,3.2,3.2,3.2,2.2,2.2,3.2,3.2,3.2,3.2,3.2,3.2,3.2,3.2,3.2,0,8755716,3.2,3.2,100.0,100,False,False,False
10-02-2021,13:18:46,-92.7,23,22,3,22,22,23,23,23,22,22,38.4,0,3.2,3.2,3.2,2.2,2.2,3.2,3.2,3.2,3.2,3.2,3.2,3.2,3.2,3.2,0,8983327,3.2,3.2,100.0,100,-90.30000000000001,23,22,3,22,22,22,23,23,22,22,38.39,0,3.2,3.2,3.2,2.2,2.2,3.2,3.2,3.2,3.2,3.2,3.2,3.2,3.2,3.2,0,8755985,3.2,3.2,100.0,100,False,False,False
10-02-2021,13:18:49,-92.7,23,22,67,22,22,23,23,23,22,22,38.4,0,3.2,3.2,3.2,2.2,2.2,3.2,3.2,3.2,3.2,3.2,3.2,3.2,3.2,3.2,0,8983603,3.2,3.2,100.0,100,-90.2,23,22,67,22,22,22,23,23,22,22,38.39,0,3.2,3.2,3.2,2.2,2.2,3.2,3.2,3.2,3.2,3.2,3.2,3.2,3.2,3.2,0,8756253,3.2,3.2,100.0,100,False,False,False
10-02-2021,13:18:52,-92.7,23,22,3,22,22,23,23,23,22,22,38.4,0,3.2,3.2,3.2,2.2,2.2,3.2,3.2,3.2,3.2,3.2,3.2,3.2,3.2,3.2,0,8983880,3.2,3.2,100.0,100,-90.2,23,22,3,22,22,22,23,23,22,22,38.39,0,3.2,3.2,3.2,2.2,2.2,3.2,3.2,3.2,3.2,3.2,3.2,3.2,3.2,3.2,0,8756522,3.2,3.2,100.0,100,False,False,False
10-02-2021,13:18:55,-92.7,23,22,67,22,22,23,23,23,22,22,38.4,0,3.2,3.2,3.2,2.2,2.2,3.2,3.2,3.2,3.2,3.2,3.2,3.2,3.2,3.2,0,8984156,3.2,3.2,100.0,100,-90.2,23,22,67,22,22,22,23,23,22,22,38.39,0,3.2,3.2,3.2,2.2,2.2,3.2,3.2,3.2,3.2,3.2,3.2,3.2,3.2,3.2,0,8756790,3.2,3.2,100.0,100,False,False,False
10-02-2021,13:18:58,-92.7,23,22,3,22,22,23,23,23,22,22,38.4,0,3.2,3.2,3.2,2.2,2.2,3.2,3.2,3.2,3.2,3.2,3.2,3.2,3.2,3.2,0,8984435,3.2,3.2,100.0,100,-90.2,23,22,3,22,22,22,23,23,22,22,38.39,0,3.2,3.2,3.2,2.2,2.2,3.2,3.2,3.2,3.2,3.2,3.2,3.2,3.2,3.2,0,8757059,3.2,3.2,100.0,100,False,False,False
10-02-2021,13:19:01,-92.7,23,22,67,22,22,23,23,23,22,22,38.4,0,3.2,3.2,3.2,2.2,2.2,3.2,3.2,3.2,3.2,3.2,3.2,3.2,3.2,3.2,0,8984620,3.2,3.2,100.0,100,-90.2,23,22,67,22,22,22,23,23,22,22,38.39,0,3.2,3.2,3.2,2.2,2.2,3.2,3.2,3.2,3.2,3.2,3.2,3.2,3.2,3.2,0,8757327,3.2,3.2,100.0,100,False,False,False
10-02-2021,13:19:04,-92.7,23,22,3,22,22,23,23,23,22,22,38.4,0,3.2,3.2,3.2,2.2,2.2,3.2,3.2,3.2,3.2,3.2,3.2,3.2,3.2,3.2,0,8984896,3.2,3.2,100.0,100,-90.2,23,22,3,22,22,22,23,23,22,22,38.39,0,3.2,3.2,3.2,2.2,2.2,3.2,3.2,3.2,3.2,3.2,3.2,3.2,3.2,3.2,0,8757596,3.2,3.2,100.0,100,False,False,False
10-02-2021,13:19:07,-92.7,23,22,67,22,22,23,23,23,22,22,38.4,0,3.2,3.2,3.2,2.2,2.2,3.2,3.2,3.2,3.2,3.2,3.2,3.2,3.2,3.2,0,8985171,3.2,3.2,100.0,100,-90.2,23,22,67,22,22,22,23,23,22,22,38.39,0,3.2,3.2,3.2,2.2,2.2,3.2,3.2,3.2,3.2,3.2,3.2,3.2,3.2,3.2,0,8757865,3.2,3.2,100.0,100,False,False,False
10-02-2021,13:19:10,-92.7,23,22,3,22,22,23,23,23,22,22,38.4,0,3.2,3.2,3.2,2.2,2.2,3.2,3.2,3.2,3.2,3.2,3.2,3.2,3.2,3.2,0,8985447,3.2,3.2,100.0,100,-90.2,23,22,3,22,22,22,23,23,22,22,38.39,0,3.2,3.2,3.2,2.2,2.2,3.2,3.2,3.2,3.2,3.2,3.2,3.2,3.2,3.2,0,8758133,3.2,3.2,100.0,100,False,False,False
10-02-2021,13:19:13,-92.7,23,22,67,22,22,23,23,23,22,22,38.4,0,3.2,3.2,3.2,2.2,2.2,3.2,3.2,3.2,3.2,3.2,3.2,3.2,3.2,3.2,0,8985724,3.2,3.2,100.0,100,-90.2,23,22,67,22,22,22,23,23,22,22,38.39,0,3.2,3.2,3.2,2.2,2.2,3.2,3.2,3.2,3.2,3.2,3.2,3.2,3.2,3.2,0,8758401,3.2,3.2,100.0,100,False,False,False
10-02-2021,13:19:16,-92.7,23,22,3,22,22,23,23,23,22,22,38.4,0,3.2,3.2,3.2,2.2,2.2,3.2,3.2,3.2,3.2,3.2,3.2,3.2,3.2,3.2,0,8986000,3.2,3.2,100.0,100,-90.2,23,22,3,22,22,22,23,23,22,22,38.39,0,3.2,3.2,3.2,2.2,2.2,3.2,3.2,3.2,3.2,3.2,3.2,3.2,3.2,3.2,0,8758670,3.2,3.2,100.0,100,False,False,False
10-02-2021,13:19:19,-92.80000000000001,23,22,67,22,22,23,23,23,22,22,38.4,0,3.2,3.2,3.2,2.2,2.2,3.2,3.2,3.2,3.2,3.2,3.2,3.2,3.2,3.2,0,8986368,3.2,3.2,100.0,100,-90.2,23,22,67,22,22,22,23,23,22,22,38.39,0,3.2,3.2,3.2,2.2,2.2,3.2,3.2,3.2,3.2,3.2,3.2,3.2,3.2,3.2,0,8758939,3.2,3.2,100.0,100,False,False,False
10-02-2021,13:19:22,-92.7,23,22,3,22,22,23,23,23,22,22,38.4,0,3.2,3.2,3.2,2.2,2.2,3.2,3.2,3.2,3.2,3.2,3.2,3.2,3.2,3.2,0,8986644,3.2,3.2,100.0,100,-90.2,23,22,3,22,22,22,23,23,22,22,38.39,0,3.2,3.2,3.2,2.2,2.2,3.2,3.2,3.2,3.2,3.2,3.2,3.2,3.2,3.2,0,8759207,3.2,3.2,100.0,100,False,False,False
10-02-2021,13:19:25,-92.7,23,22,67,22,22,23,23,23,22,22,38.4,0,3.2,3.2,3.2,2.2,2.2,3.2,3.2,3.2,3.2,3.2,3.2,3.2,3.2,3.2,0,8986921,3.2,3.2,100.0,100,-90.30000000000001,23,22,67,22,22,22,23,23,22,22,38.39,0,3.2,3.2,3.2,2.2,2.2,3.2,3.2,3.2,3.2,3.2,3.2,3.2,3.2,3.2,0,8759476,3.2,3.2,100.0,100,False,False,False
10-02-2021,13:19:28,-92.7,23,22,3,22,22,23,23,23,22,22,38.4,0,3.2,3.2,3.2,2.2,2.2,3.2,3.2,3.2,3.2,3.2,3.2,3.2,3.2,3.2,0,8987197,3.2,3.2,100.0,100,-90.2,23,22,3,22,22,22,23,23,22,22,38.39,0,3.2,3.2,3.2,2.2,2.2,3.2,3.2,3.2,3.2,3.2,3.2,3.2,3.2,3.2,0,8759745,3.2,3.2,100.0,100,False,False,False
10-02-2021,13:19:31,-92.7,23,22,67,22,22,23,23,23,22,22,38.4,0,3.2,3.2,3.2,2.2,2.2,3.2,3.2,3.2,3.2,3.2,3.2,3.2,3.2,3.2,0,8987474,3.2,3.2,100.0,100,-90.2,23,22,67,22,22,22,23,23,22,22,38.39,0,3.2,3.2,3.2,2.2,2.2,3.2,3.2,3.2,3.2,3.2,3.2,3.2,3.2,3.2,0,8760013,3.2,3.2,100.0,100,False,False,False
10-02-2021,13:19:34,-92.7,23,22,3,22,22,23,23,23,22,22,38.39,0,3.2,3.2,3.2,2.2,2.2,3.2,3.2,3.2,3.2,3.2,3.2,3.2,3.2,3.2,0,8987751,3.2,3.2,100.0,100,-90.2,23,22,3,22,22,22,23,23,22,22,38.39,0,3.2,3.2,3.2,2.2,2.2,3.2,3.2,3.2,3.2,3.2,3.2,3.2,3.2,3.2,0,8760282,3.2,3.2,100.0,100,False,False,False
10-02-2021,13:19:37,-92.80000000000001,23,22,67,22,22,23,23,23,22,22,38.39,0,3.2,3.2,3.2,2.2,2.2,3.2,3.2,3.2,3.2,3.2,3.2,3.2,3.2,3.2,0,8987935,3.2,3.2,100.0,100,-90.30000000000001,23,22,67,22,22,22,23,23,22,22,38.39,0,3.2,3.2,3.2,2.2,2.2,3.2,3.2,3.2,3.2,3.2,3.2,3.2,3.2,3.2,0,8760550,3.2,3.2,100.0,100,False,False,False
10-02-2021,13:19:40,-92.7,23,22,3,22,22,23,23,23,22,22,38.4,0,3.2,3.2,3.2,2.2,2.2,3.2,3.2,3.2,3.2,3.2,3.2,3.2,3.2,3.2,0,8988211,3.2,3.2,100.0,100,-90.30000000000001,23,22,3,22,22,22,23,23,22,22,38.39,0,3.2,3.2,3.2,2.2,2.2,3.2,3.2,3.2,3.2,3.2,3.2,3.2,3.2,3.2,0,8760819,3.2,3.2,100.0,100,False,False,False
10-02-2021,13:19:43,-92.7,23,22,67,22,22,23,23,23,22,22,38.4,0,3.2,3.2,3.2,2.2,2.2,3.2,3.2,3.2,3.2,3.2,3.2,3.2,3.2,3.2,0,8988487,3.2,3.2,100.0,100,-90.30000000000001,23,22,67,22,22,22,23,23,22,22,38.39,0,3.2,3.2,3.2,2.2,2.2,3.2,3.2,3.2,3.2,3.2,3.2,3.2,3.2,3.2,0,8761087,3.2,3.2,100.0,100,False,False,False
10-02-2021,13:19:46,-92.60000000000001,23,22,3,22,22,23,23,23,22,22,38.4,0,3.2,3.2,3.2,2.2,2.2,3.2,3.2,3.2,3.2,3.2,3.2,3.2,3.2,3.2,0,8988855,3.2,3.2,100.0,100,-90.30000000000001,23,22,3,22,22,22,23,23,22,22,38.39,0,3.2,3.2,3.2,2.2,2.2,3.2,3.2,3.2,3.2,3.2,3.2,3.2,3.2,3.2,0,8761356,3.2,3.2,100.0,100,False,False,False
10-02-2021,13:19:49,-92.60000000000001,23,22,67,22,22,23,23,23,22,22,38.39,0,3.2,3.2,3.2,2.2,2.2,3.2,3.2,3.2,3.2,3.2,3.2,3.2,3.2,3.2,0,8989131,3.2,3.2,100.0,100,-90.30000000000001,23,22,67,22,22,22,23,23,22,22,38.39,0,3.2,3.2,3.2,2.2,2.2,3.2,3.2,3.2,3.2,3.2,3.2,3.2,3.2,3.2,0,8761625,3.2,3.2,100.0,100,False,False,False
10-02-2021,13:19:52,-92.7,23,22,3,22,22,23,23,23,22,22,38.39,0,3.2,3.2,3.2,2.2,2.2,3.2,3.2,3.2,3.2,3.2,3.2,3.2,3.2,3.2,0,8989408,3.2,3.2,100.0,100,-90.2,23,22,3,22,22,22,23,23,22,22,38.39,0,3.2,3.2,3.2,2.2,2.2,3.2,3.2,3.2,3.2,3.2,3.2,3.2,3.2,3.2,0,8761893,3.2,3.2,100.0,100,False,False,False
10-02-2021,13:19:55,-92.7,23,22,67,22,22,23,23,23,22,22,38.39,0,3.2,3.2,3.2,2.2,2.2,3.2,3.2,3.2,3.2,3.2,3.2,3.2,3.2,3.2,0,8989684,3.2,3.2,100.0,100,-90.2,23,22,67,22,22,22,23,23,22,22,38.39,0,3.2,3.2,3.2,2.2,2.2,3.2,3.2,3.2,3.2,3.2,3.2,3.2,3.2,3.2,0,8762162,3.2,3.2,100.0,100,False,False,False
10-02-2021,13:19:58,-92.7,23,22,3,22,22,23,23,23,22,22,38.4,0,3.2,3.2,3.2,2.2,2.2,3.2,3.2,3.2,3.2,3.2,3.2,3.2,3.2,3.2,0,8989961,3.2,3.2,100.0,100,-90.2,23,22,3,22,22,22,23,23,22,22,38.39,0,3.2,3.2,3.2,2.2,2.2,3.2,3.2,3.2,3.2,3.2,3.2,3.2,3.2,3.2,0,8762431,3.2,3.2,100.0,100,False,False,False
10-02-2021,13:20:01,-92.7,23,22,67,22,22,23,23,23,22,22,38.39,0,3.2,3.2,3.2,2.2,2.2,3.2,3.2,3.2,3.2,3.2,3.2,3.2,3.2,3.2,0,8990237,3.2,3.2,100.0,100,-90.2,23,22,67,22,22,22,23,23,22,22,38.39,0,3.2,3.2,3.2,2.2,2.2,3.2,3.2,3.2,3.2,3.2,3.2,3.2,3.2,3.2,0,8762699,3.2,3.2,100.0,100,False,False,False
10-02-2021,13:20:04,-92.60000000000001,23,22,3,22,22,23,23,23,22,22,38.39,0,3.2,3.2,3.2,2.2,2.2,3.2,3.2,3.2,3.2,3.2,3.2,3.2,3.2,3.2,0,8990513,3.2,3.2,100.0,100,-90.2,23,22,3,22,22,22,23,23,22,22,38.39,0,3.2,3.2,3.2,2.2,2.2,3.2,3.2,3.2,3.2,3.2,3.2,3.2,3.2,3.2,0,8762968,3.2,3.2,100.0,100,False,False,False
10-02-2021,13:20:07,-92.60000000000001,23,22,67,22,22,23,23,23,22,22,38.4,0,3.2,3.2,3.2,2.2,2.2,3.2,3.2,3.2,3.2,3.2,3.2,3.2,3.2,3.2,0,8990789,3.2,3.2,100.0,100,-90.2,23,22,67,22,22,22,23,23,22,22,38.39,0,3.2,3.2,3.2,2.2,2.2,3.2,3.2,3.2,3.2,3.2,3.2,3.2,3.2,3.2,0,8763237,3.2,3.2,100.0,100,False,False,False
10-02-2021,13:20:10,-92.7,23,22,3,22,22,23,23,23,22,22,38.39,0,3.2,3.2,3.2,2.2,2.2,3.2,3.2,3.2,3.2,3.2,3.2,3.2,3.2,3.2,0,8990973,3.2,3.2,100.0,100,-90.2,23,22,3,22,22,22,23,23,22,22,38.39,0,3.2,3.2,3.2,2.2,2.2,3.2,3.2,3.2,3.2,3.2,3.2,3.2,3.2,3.2,0,8763505,3.2,3.2,100.0,100,False,False,False
10-02-2021,13:20:13,-92.7,23,22,67,22,22,23,23,23,22,22,38.4,0,3.2,3.2,3.2,2.2,2.2,3.2,3.2,3.2,3.2,3.2,3.2,3.2,3.2,3.2,0,8991342,3.2,3.2,100.0,100,-90.30000000000001,23,22,67,22,22,22,23,23,22,22,38.39,0,3.2,3.2,3.2,2.2,2.2,3.2,3.2,3.2,3.2,3.2,3.2,3.2,3.2,3.2,0,8763773,3.2,3.2,100.0,100,False,False,False
10-02-2021,13:20:16,-92.60000000000001,23,22,3,22,22,23,23,23,22,22,38.39,0,3.2,3.2,3.2,2.2,2.2,3.2,3.2,3.2,3.2,3.2,3.2,3.2,3.2,3.2,0,8991618,3.2,3.2,100.0,100,-90.2,23,22,3,22,22,22,23,23,22,22,38.39,0,3.2,3.2,3.2,2.2,2.2,3.2,3.2,3.2,3.2,3.2,3.2,3.2,3.2,3.2,0,8764042,3.2,3.2,100.0,100,False,False,False
10-02-2021,13:20:19,-92.7,23,22,67,22,22,23,23,23,22,22,38.4,0,3.2,3.2,3.2,2.2,2.2,3.2,3.2,3.2,3.2,3.2,3.2,3.2,3.2,3.2,0,8991895,3.2,3.2,100.0,100,-90.30000000000001,23,22,67,22,22,22,23,23,22,22,38.39,0,3.2,3.2,3.2,2.2,2.2,3.2,3.2,3.2,3.2,3.2,3.2,3.2,3.2,3.2,0,8764311,3.2,3.2,100.0,100,False,False,False
10-02-2021,13:20:22,-92.7,23,22,3,22,22,23,23,23,22,22,38.4,0,3.2,3.2,3.2,2.2,2.2,3.2,3.2,3.2,3.2,3.2,3.2,3.2,3.2,3.2,0,8992171,3.2,3.2,100.0,100,-90.2,23,22,3,22,22,22,23,23,22,22,38.39,0,3.2,3.2,3.2,2.2,2.2,3.2,3.2,3.2,3.2,3.2,3.2,3.2,3.2,3.2,0,8764579,3.2,3.2,100.0,100,False,False,False
10-02-2021,13:20:25,-92.7,23,22,67,22,22,23,23,23,22,22,38.4,0,3.2,3.2,3.2,2.2,2.2,3.2,3.2,3.2,3.2,3.2,3.2,3.2,3.2,3.2,0,8992447,3.2,3.2,100.0,100,-90.2,23,22,67,22,22,22,23,23,22,22,38.39,0,3.2,3.2,3.2,2.2,2.2,3.2,3.2,3.2,3.2,3.2,3.2,3.2,3.2,3.2,0,8764848,3.2,3.2,100.0,100,False,False,False
10-02-2021,13:20:28,-92.60000000000001,23,22,3,22,22,23,23,23,22,22,38.4,0,3.2,3.2,3.2,2.2,2.2,3.2,3.2,3.2,3.2,3.2,3.2,3.2,3.2,3.2,0,8992725,3.2,3.2,100.0,100,-90.2,23,22,3,22,22,22,23,23,22,22,38.39,0,3.2,3.2,3.2,2.2,2.2,3.2,3.2,3.2,3.2,3.2,3.2,3.2,3.2,3.2,0,8765116,3.2,3.2,100.0,100,False,False,False
10-02-2021,13:20:31,-92.7,23,22,67,22,22,23,23,23,22,22,38.39,0,3.2,3.2,3.2,2.2,2.2,3.2,3.2,3.2,3.2,3.2,3.2,3.2,3.2,3.2,0,8993001,3.2,3.2,100.0,100,-90.2,23,22,67,22,22,22,23,23,22,22,38.39,0,3.2,3.2,3.2,2.2,2.2,3.2,3.2,3.2,3.2,3.2,3.2,3.2,3.2,3.2,0,8765385,3.2,3.2,100.0,100,False,False,False
10-02-2021,13:20:34,-92.7,23,22,3,22,22,23,23,23,22,22,38.4,0,3.2,3.2,3.2,2.2,2.2,3.2,3.2,3.2,3.2,3.2,3.2,3.2,3.2,3.2,0,8993278,3.2,3.2,100.0,100,-90.30000000000001,23,22,3,22,22,22,23,23,22,22,38.39,0,3.2,3.2,3.2,2.2,2.2,3.2,3.2,3.2,3.2,3.2,3.2,3.2,3.2,3.2,0,8765654,3.2,3.2,100.0,100,False,False,False
10-02-2021,13:20:37,-92.60000000000001,23,22,67,22,22,23,23,23,22,22,38.4,0,3.2,3.2,3.2,2.2,2.2,3.2,3.2,3.2,3.2,3.2,3.2,3.2,3.2,3.2,0,8993462,3.2,3.2,100.0,100,-90.2,23,22,67,22,22,22,23,23,22,22,38.39,0,3.2,3.2,3.2,2.2,2.2,3.2,3.2,3.2,3.2,3.2,3.2,3.2,3.2,3.2,0,8765922,3.2,3.2,100.0,100,False,False,False
10-02-2021,13:20:40,-92.60000000000001,23,22,3,22,22,23,23,23,22,22,38.4,0,3.2,3.2,3.2,2.2,2.2,3.2,3.2,3.2,3.2,3.2,3.2,3.2,3.2,3.2,0,8993737,3.2,3.2,100.0,100,-90.2,23,22,3,22,22,22,23,23,22,22,38.39,0,3.2,3.2,3.2,2.2,2.2,3.2,3.2,3.2,3.2,3.2,3.2,3.2,3.2,3.2,0,8766190,3.2,3.2,100.0,100,False,False,False
10-02-2021,13:20:43,-92.7,23,22,67,22,22,23,23,23,22,22,38.4,0,3.2,3.2,3.2,2.2,2.2,3.2,3.2,3.2,3.2,3.2,3.2,3.2,3.2,3.2,0,8994013,3.2,3.2,100.0,100,-90.30000000000001,23,22,67,22,22,22,23,23,22,22,38.39,0,3.2,3.2,3.2,2.2,2.2,3.2,3.2,3.2,3.2,3.2,3.2,3.2,3.2,3.2,0,8766459,3.2,3.2,100.0,100,False,False,False
10-02-2021,13:20:46,-92.7,23,22,3,22,22,23,23,23,22,22,38.4,0,3.2,3.2,3.2,2.2,2.2,3.2,3.2,3.2,3.2,3.2,3.2,3.2,3.2,3.2,0,8994289,3.2,3.2,100.0,100,-90.2,23,22,3,22,22,22,23,23,22,22,38.39,0,3.2,3.2,3.2,2.2,2.2,3.2,3.2,3.2,3.2,3.2,3.2,3.2,3.2,3.2,0,8766727,3.2,3.2,100.0,100,False,False,False
10-02-2021,13:20:49,-92.7,23,22,67,22,22,23,23,23,22,22,38.39,0,3.2,3.2,3.2,2.2,2.2,3.2,3.2,3.2,3.2,3.2,3.2,3.2,3.2,3.2,0,8994565,3.2,3.2,100.0,100,-90.10000000000001,23,22,67,22,22,22,23,23,22,22,38.39,0,3.2,3.2,3.2,2.2,2.2,3.2,3.2,3.2,3.2,3.2,3.2,3.2,3.2,3.2,0,8766996,3.2,3.2,100.0,100,False,False,False
10-02-2021,13:20:52,-92.7,23,22,3,22,22,23,23,23,22,22,38.4,0,3.2,3.2,3.2,2.2,2.2,3.2,3.2,3.2,3.2,3.2,3.2,3.2,3.2,3.2,0,8994933,3.2,3.2,100.0,100,-90.2,23,22,3,22,22,22,23,23,22,22,38.39,0,3.2,3.2,3.2,2.2,2.2,3.2,3.2,3.2,3.2,3.2,3.2,3.2,3.2,3.2,0,8767264,3.2,3.2,100.0,100,False,False,False
10-02-2021,13:20:55,-92.60000000000001,23,22,67,22,22,23,23,23,22,22,38.4,0,3.2,3.2,3.2,2.2,2.2,3.2,3.2,3.2,3.2,3.2,3.2,3.2,3.2,3.2,0,8995209,3.2,3.2,100.0,100,-90.30000000000001,23,22,67,22,22,22,23,23,22,22,38.39,0,3.2,3.2,3.2,2.2,2.2,3.2,3.2,3.2,3.2,3.2,3.2,3.2,3.2,3.2,0,8767533,3.2,3.2,100.0,100,False,False,False
10-02-2021,13:20:58,-92.7,23,22,3,22,22,23,23,23,22,22,38.39,0,3.2,3.2,3.2,2.2,2.2,3.2,3.2,3.2,3.2,3.2,3.2,3.2,3.2,3.2,0,8995486,3.2,3.2,100.0,100,-90.10000000000001,23,22,3,22,22,22,23,23,22,22,38.39,0,3.2,3.2,3.2,2.2,2.2,3.2,3.2,3.2,3.2,3.2,3.2,3.2,3.2,3.2,0,8767802,3.2,3.2,100.0,100,False,False,False
10-02-2021,13:21:01,-92.7,23,22,67,22,22,23,23,23,22,22,38.4,0,3.2,3.2,3.2,2.2,2.2,3.2,3.2,3.2,3.2,3.2,3.2,3.2,3.2,3.2,0,8995762,3.2,3.2,100.0,100,-90.2,23,22,67,22,22,22,23,23,22,22,38.39,0,3.2,3.2,3.2,2.2,2.2,3.2,3.2,3.2,3.2,3.2,3.2,3.2,3.2,3.2,0,8768070,3.2,3.2,100.0,100,False,False,False
10-02-2021,13:21:04,-92.7,23,22,3,22,22,23,23,23,22,22,38.39,0,3.2,3.2,3.2,2.2,2.2,3.2,3.2,3.2,3.2,3.2,3.2,3.2,3.2,3.2,0,8996038,3.2,3.2,100.0,100,-90.2,23,22,3,22,22,22,23,23,22,22,38.39,0,3.2,3.2,3.2,2.2,2.2,3.2,3.2,3.2,3.2,3.2,3.2,3.2,3.2,3.2,0,8768338,3.2,3.2,100.0,100,False,False,False
10-02-2021,13:21:07,-92.7,23,22,67,22,22,23,23,23,22,22,38.39,0,3.2,3.2,3.2,2.2,2.2,3.2,3.2,3.2,3.2,3.2,3.2,3.2,3.2,3.2,0,8996316,3.2,3.2,100.0,100,-90.2,23,22,67,22,22,22,23,23,22,22,38.39,0,3.2,3.2,3.2,2.2,2.2,3.2,3.2,3.2,3.2,3.2,3.2,3.2,3.2,3.2,0,8768607,3.2,3.2,100.0,100,False,False,False
10-02-2021,13:21:10,-92.60000000000001,23,22,3,22,22,23,23,23,22,22,38.39,0,3.2,3.2,3.2,2.2,2.2,3.2,3.2,3.2,3.2,3.2,3.2,3.2,3.2,3.2,0,8996500,3.2,3.2,100.0,100,-90.2,23,22,3,22,22,22,23,23,22,22,38.39,0,3.2,3.2,3.2,2.2,2.2,3.2,3.2,3.2,3.2,3.2,3.2,3.2,3.2,3.2,0,8768875,3.2,3.2,100.0,100,False,False,False
10-02-2021,13:21:13,-92.60000000000001,23,22,67,22,22,23,23,23,22,22,38.39,0,3.2,3.2,3.2,2.2,2.2,3.2,3.2,3.2,3.2,3.2,3.2,3.2,3.2,3.2,0,8996776,3.2,3.2,100.0,100,-90.2,23,22,67,22,22,22,23,23,22,22,38.39,0,3.2,3.2,3.2,2.2,2.2,3.2,3.2,3.2,3.2,3.2,3.2,3.2,3.2,3.2,0,8769144,3.2,3.2,100.0,100,False,False,False
10-02-2021,13:21:16,-92.7,23,22,3,22,22,23,23,23,22,22,38.39,0,3.2,3.2,3.2,2.2,2.2,3.2,3.2,3.2,3.2,3.2,3.2,3.2,3.2,3.2,0,8997144,3.2,3.2,100.0,100,-90.2,23,22,3,22,22,22,23,23,22,22,38.39,0,3.2,3.2,3.2,2.2,2.2,3.2,3.2,3.2,3.2,3.2,3.2,3.2,3.2,3.2,0,8769412,3.2,3.2,100.0,100,False,False,False
10-02-2021,13:21:19,-92.60000000000001,23,22,67,22,22,23,23,23,22,22,38.39,0,3.2,3.2,3.2,2.2,2.2,3.2,3.2,3.2,3.2,3.2,3.2,3.2,3.2,3.2,0,8997421,3.2,3.2,100.0,100,-90.2,23,22,67,22,22,22,23,23,22,22,38.39,0,3.2,3.2,3.2,2.2,2.2,3.2,3.2,3.2,3.2,3.2,3.2,3.2,3.2,3.2,0,8769681,3.2,3.2,100.0,100,False,False,False
10-02-2021,13:21:22,-92.80000000000001,23,22,3,22,22,23,23,23,22,22,38.39,0,3.2,3.2,3.2,2.2,2.2,3.2,3.2,3.2,3.2,3.2,3.2,3.2,3.2,3.2,0,8997697,3.2,3.2,100.0,100,-90.2,23,22,3,22,22,22,23,23,22,22,38.39,0,3.2,3.2,3.2,2.2,2.2,3.2,3.2,3.2,3.2,3.2,3.2,3.2,3.2,3.2,0,8769950,3.2,3.2,100.0,100,False,False,False
10-02-2021,13:21:25,-92.7,23,22,67,22,22,23,23,23,22,22,38.39,0,3.2,3.2,3.2,2.2,2.2,3.2,3.2,3.2,3.2,3.2,3.2,3.2,3.2,3.2,0,8997974,3.2,3.2,100.0,100,-90.2,23,22,67,22,22,22,23,23,22,22,38.39,0,3.2,3.2,3.2,2.2,2.2,3.2,3.2,3.2,3.2,3.2,3.2,3.2,3.2,3.2,0,8770218,3.2,3.2,100.0,100,False,False,False
10-02-2021,13:21:28,-92.7,23,22,3,22,22,23,23,23,22,22,38.39,0,3.2,3.2,3.2,2.2,2.2,3.2,3.2,3.2,3.2,3.2,3.2,3.2,3.2,3.2,0,8998158,3.2,3.2,100.0,100,-90.2,23,22,3,22,22,22,23,23,22,22,38.39,0,3.2,3.2,3.2,2.2,2.2,3.2,3.2,3.2,3.2,3.2,3.2,3.2,3.2,3.2,0,8770486,3.2,3.2,100.0,100,False,False,False
10-02-2021,13:21:31,-92.7,23,22,67,22,22,23,23,23,22,22,38.39,0,3.2,3.2,3.2,2.2,2.2,3.2,3.2,3.2,3.2,3.2,3.2,3.2,3.2,3.2,0,8998527,3.2,3.2,100.0,100,-90.2,23,22,67,22,22,22,23,23,22,22,38.39,0,3.2,3.2,3.2,2.2,2.2,3.2,3.2,3.2,3.2,3.2,3.2,3.2,3.2,3.2,0,8770755,3.2,3.2,100.0,100,False,False,False
10-02-2021,13:21:34,-92.7,23,22,3,22,22,23,23,23,22,22,38.39,0,3.2,3.2,3.2,2.2,2.2,3.2,3.2,3.2,3.2,3.2,3.2,3.2,3.2,3.2,0,8998804,3.2,3.2,100.0,100,-90.2,23,22,3,22,22,22,23,23,22,22,38.39,0,3.2,3.2,3.2,2.2,2.2,3.2,3.2,3.2,3.2,3.2,3.2,3.2,3.2,3.2,0,8771023,3.2,3.2,100.0,100,False,False,False
10-02-2021,13:21:37,-92.7,23,22,67,22,22,23,23,23,22,22,38.4,0,3.2,3.2,3.2,2.2,2.2,3.2,3.2,3.2,3.2,3.2,3.2,3.2,3.2,3.2,0,8998988,3.2,3.2,100.0,100,-90.2,23,22,67,22,22,22,23,23,22,22,38.39,0,3.2,3.2,3.2,2.2,2.2,3.2,3.2,3.2,3.2,3.2,3.2,3.2,3.2,3.2,0,8771292,3.2,3.2,100.0,100,False,False,False
10-02-2021,13:21:40,-92.7,23,22,3,22,22,23,23,23,22,22,38.39,0,3.2,3.2,3.2,2.2,2.2,3.2,3.2,3.2,3.2,3.2,3.2,3.2,3.2,3.2,0,8999264,3.2,3.2,100.0,100,-90.2,23,22,3,22,22,22,23,23,22,22,38.39,0,3.2,3.2,3.2,2.2,2.2,3.2,3.2,3.2,3.2,3.2,3.2,3.2,3.2,3.2,0,8771560,3.2,3.2,100.0,100,False,False,False
10-02-2021,13:21:43,-92.60000000000001,23,22,67,22,22,23,23,23,22,22,38.39,0,3.2,3.2,3.2,2.2,2.2,3.2,3.2,3.2,3.2,3.2,3.2,3.2,3.2,3.2,0,8999632,3.2,3.2,100.0,100,-90.2,23,22,67,22,22,22,23,23,22,22,38.38,0,3.2,3.2,3.2,2.2,2.2,3.2,3.2,3.2,3.2,3.2,3.2,3.2,3.2,3.2,0,8771829,3.2,3.2,100.0,100,False,False,False
10-02-2021,13:21:46,-92.7,23,22,3,22,22,23,23,23,22,22,38.39,0,3.2,3.2,3.2,2.2,2.2,3.2,3.2,3.2,3.2,3.2,3.2,3.2,3.2,3.2,0,8999909,3.2,3.2,100.0,100,-90.2,23,22,3,22,22,22,23,23,22,22,38.39,0,3.2,3.2,3.2,2.2,2.2,3.2,3.2,3.2,3.2,3.2,3.2,3.2,3.2,3.2,0,8772097,3.2,3.2,100.0,100,False,False,False
10-02-2021,13:21:49,-92.7,23,22,67,22,22,23,23,23,22,22,38.39,0,3.2,3.2,3.2,2.2,2.2,3.2,3.2,3.2,3.2,3.2,3.2,3.2,3.2,3.2,0,9000093,3.2,3.2,100.0,100,-90.30000000000001,23,22,67,22,22,22,23,23,22,22,38.39,0,3.2,3.2,3.2,2.2,2.2,3.2,3.2,3.2,3.2,3.2,3.2,3.2,3.2,3.2,0,8772366,3.2,3.2,100.0,100,False,False,False
10-02-2021,13:21:52,-92.7,23,22,3,22,22,23,23,23,22,22,38.4,0,3.2,3.2,3.2,2.2,2.2,3.2,3.2,3.2,3.2,3.2,3.2,3.2,3.2,3.2,0,9000461,3.2,3.2,100.0,100,-90.2,23,22,3,22,22,22,23,23,22,22,38.38,0,3.2,3.2,3.2,2.2,2.2,3.2,3.2,3.2,3.2,3.2,3.2,3.2,3.2,3.2,0,8772634,3.2,3.2,100.0,100,False,False,False
10-02-2021,13:21:55,-92.60000000000001,23,22,67,22,22,23,23,23,22,22,38.4,0,3.2,3.2,3.2,2.2,2.2,3.2,3.2,3.2,3.2,3.2,3.2,3.2,3.2,3.2,0,9000738,3.2,3.2,100.0,100,-90.2,23,22,67,22,22,23,23,23,22,22,38.39,0,3.2,3.2,3.2,2.2,2.2,3.2,3.2,3.2,3.2,3.2,3.2,3.2,3.2,3.2,0,8772903,3.2,3.2,100.0,100,False,False,False
10-02-2021,13:21:58,-92.7,23,22,3,22,22,23,23,23,22,22,38.39,0,3.2,3.2,3.2,2.2,2.2,3.2,3.2,3.2,3.2,3.2,3.2,3.2,3.2,3.2,0,9000922,3.2,3.2,100.0,100,-90.2,23,22,3,22,22,22,23,23,22,22,38.39,0,3.2,3.2,3.2,2.2,2.2,3.2,3.2,3.2,3.2,3.2,3.2,3.2,3.2,3.2,0,8773171,3.2,3.2,100.0,100,False,False,False
10-02-2021,13:22:00,-92.7,23,22,67,22,22,23,23,23,22,22,38.39,0,3.2,3.2,3.2,2.2,2.2,3.2,3.2,3.2,3.2,3.2,3.2,3.2,3.2,3.2,0,9001291,3.2,3.2,100.0,100,-90.30000000000001,23,22,67,22,22,22,23,23,22,22,38.39,0,3.2,3.2,3.2,2.2,2.2,3.2,3.2,3.2,3.2,3.2,3.2,3.2,3.2,3.2,0,8773440,3.2,3.2,100.0,100,False,False,False
10-02-2021,13:22:03,-92.7,23,22,3,22,22,23,23,23,22,22,38.39,0,3.2,3.2,3.2,2.2,2.2,3.2,3.2,3.2,3.2,3.2,3.2,3.2,3.2,3.2,0,9001568,3.2,3.2,100.0,100,-90.2,23,22,3,22,22,22,23,23,22,22,38.38,0,3.2,3.2,3.2,2.2,2.2,3.2,3.2,3.2,3.2,3.2,3.2,3.2,3.2,3.2,0,8773708,3.2,3.2,100.0,100,False,False,False
10-02-2021,13:22:06,-92.7,23,22,67,22,22,23,23,23,22,22,38.39,0,3.2,3.2,3.2,2.2,2.2,3.2,3.2,3.2,3.2,3.2,3.2,3.2,3.2,3.2,0,9001752,3.2,3.2,100.0,100,-90.2,23,22,67,22,22,22,23,23,22,22,38.39,0,3.2,3.2,3.2,2.2,2.2,3.2,3.2,3.2,3.2,3.2,3.2,3.2,3.2,3.2,0,8773977,3.2,3.2,100.0,100,False,False,False
10-02-2021,13:22:09,-92.60000000000001,23,22,3,22,22,23,23,23,22,22,38.39,0,3.2,3.2,3.2,2.2,2.2,3.2,3.2,3.2,3.2,3.2,3.2,3.2,3.2,3.2,0,9002028,3.2,3.2,100.0,100,-90.2,23,22,3,22,22,22,23,23,22,22,38.39,0,3.2,3.2,3.2,2.2,2.2,3.2,3.2,3.2,3.2,3.2,3.2,3.2,3.2,3.2,0,8774245,3.2,3.2,100.0,100,False,False,False
10-02-2021,13:22:12,-92.7,23,22,67,22,22,23,23,23,22,22,38.4,0,3.2,3.2,3.2,2.2,2.2,3.2,3.2,3.2,3.2,3.2,3.2,3.2,3.2,3.2,0,9002396,3.2,3.2,100.0,100,-90.30000000000001,23,22,67,22,22,23,23,23,22,22,38.39,0,3.2,3.2,3.2,2.2,2.2,3.2,3.2,3.2,3.2,3.2,3.2,3.2,3.2,3.2,0,8774514,3.2,3.2,100.0,100,False,False,False
10-02-2021,13:22:15,-92.7,23,22,3,22,22,23,23,23,22,22,38.39,0,3.2,3.2,3.2,2.2,2.2,3.2,3.2,3.2,3.2,3.2,3.2,3.2,3.2,3.2,0,9002673,3.2,3.2,100.0,100,-90.2,23,22,3,22,22,22,23,23,22,22,38.39,0,3.2,3.2,3.2,2.2,2.2,3.2,3.2,3.2,3.2,3.2,3.2,3.2,3.2,3.2,0,8774782,3.2,3.2,100.0,100,False,False,False
10-02-2021,13:22:18,-92.7,23,22,67,22,22,23,23,23,22,22,38.39,0,3.2,3.2,3.2,2.2,2.2,3.2,3.2,3.2,3.2,3.2,3.2,3.2,3.2,3.2,0,9002949,3.2,3.2,100.0,100,-90.2,23,22,67,22,22,22,23,23,22,22,38.39,0,3.2,3.2,3.2,2.2,2.2,3.2,3.2,3.2,3.2,3.2,3.2,3.2,3.2,3.2,0,8775051,3.2,3.2,100.0,100,False,False,False
10-02-2021,13:22:21,-92.7,23,22,3,22,22,23,23,23,22,22,38.39,0,3.2,3.2,3.2,2.2,2.2,3.2,3.2,3.2,3.2,3.2,3.2,3.2,3.2,3.2,0,9003226,3.2,3.2,100.0,100,-90.2,23,22,3,22,22,22,23,23,22,22,38.39,0,3.2,3.2,3.2,2.2,2.2,3.2,3.2,3.2,3.2,3.2,3.2,3.2,3.2,3.2,0,8775319,3.2,3.2,100.0,100,False,False,False
10-02-2021,13:22:24,-92.7,23,22,67,22,22,23,23,23,22,22,38.39,0,3.2,3.2,3.2,2.2,2.2,3.2,3.2,3.2,3.2,3.2,3.2,3.2,3.2,3.2,0,9003410,3.2,3.2,100.0,100,-90.2,23,22,67,22,22,23,23,23,22,22,38.38,0,3.2,3.2,3.2,2.2,2.2,3.2,3.2,3.2,3.2,3.2,3.2,3.2,3.2,3.2,0,8775588,3.2,3.2,100.0,100,False,False,False
10-02-2021,13:22:27,-92.7,23,22,3,22,22,23,23,23,22,22,38.39,0,3.2,3.2,3.2,2.2,2.2,3.2,3.2,3.2,3.2,3.2,3.2,3.2,3.2,3.2,0,9003778,3.2,3.2,100.0,100,-90.30000000000001,23,22,3,22,22,22,23,23,22,22,38.38,0,3.2,3.2,3.2,2.2,2.2,3.2,3.2,3.2,3.2,3.2,3.2,3.2,3.2,3.2,0,8775856,3.2,3.2,100.0,100,False,False,False
10-02-2021,13:22:30,-92.7,23,22,67,22,22,23,23,23,22,22,38.39,0,3.2,3.2,3.2,2.2,2.2,3.2,3.2,3.2,3.2,3.2,3.2,3.2,3.2,3.2,0,9004055,3.2,3.2,100.0,100,-90.2,23,22,67,22,22,22,23,23,22,22,38.38,0,3.2,3.2,3.2,2.2,2.2,3.2,3.2,3.2,3.2,3.2,3.2,3.2,3.2,3.2,0,8776125,3.2,3.2,100.0,100,False,False,False
10-02-2021,13:22:33,-92.60000000000001,23,22,3,22,22,23,23,23,22,22,38.39,0,3.2,3.2,3.2,2.2,2.2,3.2,3.2,3.2,3.2,3.2,3.2,3.2,3.2,3.2,0,9004332,3.2,3.2,100.0,100,-90.2,23,22,3,22,22,22,23,23,22,22,38.38,0,3.2,3.2,3.2,2.2,2.2,3.2,3.2,3.2,3.2,3.2,3.2,3.2,3.2,3.2,0,8776393,3.2,3.2,100.0,100,False,False,False
10-02-2021,13:22:36,-92.7,23,22,67,22,22,23,23,23,22,22,38.39,0,3.2,3.2,3.2,2.2,2.2,3.2,3.2,3.2,3.2,3.2,3.2,3.2,3.2,3.2,0,9004608,3.2,3.2,100.0,100,-90.2,23,22,67,22,22,23,23,23,22,22,38.39,0,3.2,3.2,3.2,2.2,2.2,3.2,3.2,3.2,3.2,3.2,3.2,3.2,3.2,3.2,0,8776662,3.2,3.2,100.0,100,False,False,False
10-02-2021,13:22:39,-92.7,23,22,3,22,22,23,23,23,22,22,38.39,0,3.2,3.2,3.2,2.2,2.2,3.2,3.2,3.2,3.2,3.2,3.2,3.2,3.2,3.2,0,9004884,3.2,3.2,100.0,100,-90.2,23,22,3,22,22,22,23,23,22,22,38.39,0,3.2,3.2,3.2,2.2,2.2,3.2,3.2,3.2,3.2,3.2,3.2,3.2,3.2,3.2,0,8776930,3.2,3.2,100.0,100,False,False,False
10-02-2021,13:22:42,-92.7,23,22,67,22,22,23,23,23,22,22,38.39,0,3.2,3.2,3.2,2.2,2.2,3.2,3.2,3.2,3.2,3.2,3.2,3.2,3.2,3.2,0,9005161,3.2,3.2,100.0,100,-90.30000000000001,23,22,67,22,22,22,23,23,22,22,38.39,0,3.2,3.2,3.2,2.2,2.2,3.2,3.2,3.2,3.2,3.2,3.2,3.2,3.2,3.2,0,8777198,3.2,3.2,100.0,100,False,False,False
10-02-2021,13:22:45,-92.80000000000001,23,22,3,22,22,23,23,23,22,22,38.39,0,3.2,3.2,3.2,2.2,2.2,3.2,3.2,3.2,3.2,3.2,3.2,3.2,3.2,3.2,0,9005438,3.2,3.2,100.0,100,-90.2,23,22,3,22,22,22,23,23,22,22,38.38,0,3.2,3.2,3.2,2.2,2.2,3.2,3.2,3.2,3.2,3.2,3.2,3.2,3.2,3.2,0,8777467,3.2,3.2,100.0,100,False,False,False
10-02-2021,13:22:48,-92.80000000000001,23,22,67,22,22,23,23,23,22,22,38.39,0,3.2,3.2,3.2,2.2,2.2,3.2,3.2,3.2,3.2,3.2,3.2,3.2,3.2,3.2,0,9005714,3.2,3.2,100.0,100,-90.2,23,22,67,22,22,23,23,23,22,22,38.39,0,3.2,3.2,3.2,2.2,2.2,3.2,3.2,3.2,3.2,3.2,3.2,3.2,3.2,3.2,0,8777735,3.2,3.2,100.0,100,False,False,False
10-02-2021,13:22:51,-92.7,23,22,3,22,22,23,23,23,22,22,38.39,0,3.2,3.2,3.2,2.2,2.2,3.2,3.2,3.2,3.2,3.2,3.2,3.2,3.2,3.2,0,9005991,3.2,3.2,100.0,100,-90.2,23,22,3,22,22,22,23,23,22,22,38.38,0,3.2,3.2,3.2,2.2,2.2,3.2,3.2,3.2,3.2,3.2,3.2,3.2,3.2,3.2,0,8778004,3.2,3.2,100.0,100,False,False,False
10-02-2021,13:22:54,-92.80000000000001,23,22,67,22,22,23,23,23,22,22,38.39,0,3.2,3.2,3.2,2.2,2.2,3.2,3.2,3.2,3.2,3.2,3.2,3.2,3.2,3.2,0,9006267,3.2,3.2,100.0,100,-90.2,23,22,67,22,22,22,23,23,22,22,38.39,0,3.2,3.2,3.2,2.2,2.2,3.2,3.2,3.2,3.2,3.2,3.2,3.2,3.2,3.2,0,8778273,3.2,3.2,100.0,100,False,False,False
10-02-2021,13:22:57,-92.7,23,22,3,22,22,23,23,23,22,22,38.39,0,3.2,3.2,3.2,2.2,2.2,3.2,3.2,3.2,3.2,3.2,3.2,3.2,3.2,3.2,0,9006544,3.2,3.2,100.0,100,-90.2,23,22,3,22,22,23,23,23,22,22,38.39,0,3.2,3.2,3.2,2.2,2.2,3.2,3.2,3.2,3.2,3.2,3.2,3.2,3.2,3.2,0,8778541,3.2,3.2,100.0,100,False,False,False
10-02-2021,13:23:00,-92.7,23,22,67,22,22,23,23,23,22,22,38.39,0,3.2,3.2,3.2,2.2,2.2,3.2,3.2,3.2,3.2,3.2,3.2,3.2,3.2,3.2,0,9006821,3.2,3.2,100.0,100,-90.2,23,22,67,22,22,22,23,23,22,22,38.38,0,3.2,3.2,3.2,2.2,2.2,3.2,3.2,3.2,3.2,3.2,3.2,3.2,3.2,3.2,0,8778810,3.2,3.2,100.0,100,False,False,False
10-02-2021,13:23:03,-92.7,23,22,3,22,22,23,23,23,22,22,38.39,0,3.2,3.2,3.2,2.2,2.2,3.2,3.2,3.2,3.2,3.2,3.2,3.2,3.2,3.2,0,9007097,3.2,3.2,100.0,100,-90.2,23,22,3,22,22,22,23,23,22,22,38.39,0,3.2,3.2,3.2,2.2,2.2,3.2,3.2,3.2,3.2,3.2,3.2,3.2,3.2,3.2,0,8779078,3.2,3.2,100.0,100,False,False,False
10-02-2021,13:23:06,-92.80000000000001,23,22,67,22,22,23,23,23,22,22,38.39,0,3.2,3.2,3.2,2.2,2.2,3.2,3.2,3.2,3.2,3.2,3.2,3.2,3.2,3.2,0,9007374,3.2,3.2,100.0,100,-90.2,23,22,67,22,22,23,23,23,22,22,38.39,0,3.2,3.2,3.2,2.2,2.2,3.2,3.2,3.2,3.2,3.2,3.2,3.2,3.2,3.2,0,8779347,3.2,3.2,100.0,100,False,False,False
10-02-2021,13:23:09,-92.80000000000001,23,22,3,22,22,23,23,23,22,22,38.39,0,3.2,3.2,3.2,2.2,2.2,3.2,3.2,3.2,3.2,3.2,3.2,3.2,3.2,3.2,0,9007650,3.2,3.2,100.0,100,-90.2,23,22,3,22,22,23,23,23,22,22,38.39,0,3.2,3.2,3.2,2.2,2.2,3.2,3.2,3.2,3.2,3.2,3.2,3.2,3.2,3.2,0,8779615,3.2,3.2,100.0,100,False,False,False
10-02-2021,13:23:12,-92.80000000000001,23,22,67,22,22,23,23,23,22,22,38.39,0,3.2,3.2,3.2,2.2,2.2,3.2,3.2,3.2,3.2,3.2,3.2,3.2,3.2,3.2,0,9007927,3.2,3.2,100.0,100,-90.2,23,22,67,22,22,22,23,23,22,22,38.39,0,3.2,3.2,3.2,2.2,2.2,3.2,3.2,3.2,3.2,3.2,3.2,3.2,3.2,3.2,0,8779884,3.2,3.2,100.0,100,False,False,False
10-02-2021,13:23:15,-92.80000000000001,23,22,3,22,22,23,23,23,22,22,38.39,0,3.2,3.2,3.2,2.2,2.2,3.2,3.2,3.2,3.2,3.2,3.2,3.2,3.2,3.2,0,9008204,3.2,3.2,100.0,100,-90.2,23,22,3,22,22,22,23,23,22,22,38.39,0,3.2,3.2,3.2,2.2,2.2,3.2,3.2,3.2,3.2,3.2,3.2,3.2,3.2,3.2,0,8780152,3.2,3.2,100.0,100,False,False,False
10-02-2021,13:23:18,-92.80000000000001,23,22,67,22,22,23,23,23,22,22,38.39,0,3.2,3.2,3.2,2.2,2.2,3.2,3.2,3.2,3.2,3.2,3.2,3.2,3.2,3.2,0,9008481,3.2,3.2,100.0,100,-90.2,23,22,67,22,22,22,23,23,22,22,38.38,0,3.2,3.2,3.2,2.2,2.2,3.2,3.2,3.2,3.2,3.2,3.2,3.2,3.2,3.2,0,8780421,3.2,3.2,100.0,100,False,False,False
10-02-2021,13:23:21,-92.80000000000001,23,22,3,22,22,23,23,23,22,22,38.39,0,3.2,3.2,3.2,2.2,2.2,3.2,3.2,3.2,3.2,3.2,3.2,3.2,3.2,3.2,0,9008665,3.2,3.2,100.0,100,-90.2,23,22,3,22,22,22,23,23,22,22,38.39,0,3.2,3.2,3.2,2.2,2.2,3.2,3.2,3.2,3.2,3.2,3.2,3.2,3.2,3.2,0,8780689,3.2,3.2,100.0,100,False,False,False
10-02-2021,13:23:24,-92.80000000000001,23,22,67,22,22,23,23,23,22,22,38.39,0,3.2,3.2,3.2,2.2,2.2,3.2,3.2,3.2,3.2,3.2,3.2,3.2,3.2,3.2,0,9008941,3.2,3.2,100.0,100,-90.2,23,22,67,22,22,22,23,23,22,22,38.38,0,3.2,3.2,3.2,2.2,2.2,3.2,3.2,3.2,3.2,3.2,3.2,3.2,3.2,3.2,0,8780958,3.2,3.2,100.0,100,False,False,False
10-02-2021,13:23:27,-92.7,23,22,3,22,22,23,23,23,22,22,38.39,0,3.2,3.2,3.2,2.2,2.2,3.2,3.2,3.2,3.2,3.2,3.2,3.2,3.2,3.2,0,9009217,3.2,3.2,100.0,100,-90.2,23,22,3,22,22,22,23,23,22,22,38.38,0,3.2,3.2,3.2,2.2,2.2,3.2,3.2,3.2,3.2,3.2,3.2,3.2,3.2,3.2,0,8781226,3.2,3.2,100.0,100,False,False,False
10-02-2021,13:23:30,-92.80000000000001,23,22,67,22,22,23,23,23,22,22,38.39,0,3.2,3.2,3.2,2.2,2.2,3.2,3.2,3.2,3.2,3.2,3.2,3.2,3.2,3.2,0,9009587,3.2,3.2,100.0,100,-90.30000000000001,23,22,67,22,22,22,23,23,22,22,38.39,0,3.2,3.2,3.2,2.2,2.2,3.2,3.2,3.2,3.2,3.2,3.2,3.2,3.2,3.2,0,8781494,3.2,3.2,100.0,100,False,False,False
10-02-2021,13:23:33,-92.80000000000001,23,22,3,22,22,23,23,23,22,22,38.39,0,3.2,3.2,3.2,2.2,2.2,3.2,3.2,3.2,3.2,3.2,3.2,3.2,3.2,3.2,0,9009863,3.2,3.2,100.0,100,-90.2,23,22,3,22,22,22,23,23,22,22,38.38,0,3.2,3.2,3.2,2.2,2.2,3.2,3.2,3.2,3.2,3.2,3.2,3.2,3.2,3.2,0,8781763,3.2,3.2,100.0,100,False,False,False
10-02-2021,13:23:36,-92.80000000000001,23,22,67,22,22,23,23,23,22,22,38.39,0,3.2,3.2,3.2,2.2,2.2,3.2,3.2,3.2,3.2,3.2,3.2,3.2,3.2,3.2,0,9010140,3.2,3.2,100.0,100,-90.2,23,22,67,22,22,22,23,23,22,22,38.38,0,3.2,3.2,3.2,2.2,2.2,3.2,3.2,3.2,3.2,3.2,3.2,3.2,3.2,3.2,0,8782032,3.2,3.2,100.0,100,False,False,False
10-02-2021,13:23:39,-92.80000000000001,23,22,3,22,22,23,23,23,22,22,38.39,0,3.2,3.2,3.2,2.2,2.2,3.2,3.2,3.2,3.2,3.2,3.2,3.2,3.2,3.2,0,9010417,3.2,3.2,100.0,100,-90.2,23,22,3,22,22,22,23,23,22,22,38.38,0,3.2,3.2,3.2,2.2,2.2,3.2,3.2,3.2,3.2,3.2,3.2,3.2,3.2,3.2,0,8782300,3.2,3.2,100.0,100,False,False,False
10-02-2021,13:23:42,-92.80000000000001,23,22,67,22,22,23,23,23,22,22,38.39,0,3.2,3.2,3.2,2.2,2.2,3.2,3.2,3.2,3.2,3.2,3.2,3.2,3.2,3.2,0,9010693,3.2,3.2,100.0,100,-90.2,23,22,67,22,22,22,23,23,22,22,38.38,0,3.2,3.2,3.2,2.2,2.2,3.2,3.2,3.2,3.2,3.2,3.2,3.2,3.2,3.2,0,8782569,3.2,3.2,100.0,100,False,False,False
10-02-2021,13:23:45,-92.80000000000001,23,22,3,22,22,23,23,23,22,22,38.39,0,3.2,3.2,3.2,2.2,2.2,3.2,3.2,3.2,3.2,3.2,3.2,3.2,3.2,3.2,0,9010970,3.2,3.2,100.0,100,-90.2,23,22,3,22,22,23,23,23,22,22,38.38,0,3.2,3.2,3.2,2.2,2.2,3.2,3.2,3.2,3.2,3.2,3.2,3.2,3.2,3.2,0,8782837,3.2,3.2,100.0,100,False,False,False
10-02-2021,13:23:48,-92.80000000000001,23,22,67,22,22,23,23,23,22,22,38.39,0,3.2,3.2,3.2,2.2,2.2,3.2,3.2,3.2,3.2,3.2,3.2,3.2,3.2,3.2,0,9011247,3.2,3.2,100.0,100,-90.2,23,22,67,22,22,22,23,23,22,22,38.38,0,3.2,3.2,3.2,2.2,2.2,3.2,3.2,3.2,3.2,3.2,3.2,3.2,3.2,3.2,0,8783106,3.2,3.2,100.0,100,False,False,False
10-02-2021,13:23:51,-92.80000000000001,23,22,3,22,22,23,23,23,22,22,38.39,0,3.2,3.2,3.2,2.2,2.2,3.2,3.2,3.2,3.2,3.2,3.2,3.2,3.2,3.2,0,9011524,3.2,3.2,100.0,100,-90.2,23,22,3,22,22,22,23,23,22,22,38.38,0,3.2,3.2,3.2,2.2,2.2,3.2,3.2,3.2,3.2,3.2,3.2,3.2,3.2,3.2,0,8783375,3.2,3.2,100.0,100,False,False,False
10-02-2021,13:23:54,-92.80000000000001,23,22,67,22,22,23,23,23,22,22,38.39,0,3.2,3.2,3.2,2.2,2.2,3.2,3.2,3.2,3.2,3.2,3.2,3.2,3.2,3.2,0,9011708,3.2,3.2,100.0,100,-90.2,23,22,67,22,22,22,23,23,22,22,38.38,0,3.2,3.2,3.2,2.2,2.2,3.2,3.2,3.2,3.2,3.2,3.2,3.2,3.2,3.2,0,8783643,3.2,3.2,100.0,100,False,False,False
10-02-2021,13:23:57,-92.80000000000001,23,22,3,22,22,23,23,23,22,22,38.39,0,3.2,3.2,3.2,2.2,2.2,3.2,3.2,3.2,3.2,3.2,3.2,3.2,3.2,3.2,0,9011984,3.2,3.2,100.0,100,-90.30000000000001,23,22,3,22,22,22,23,23,22,22,38.39,0,3.2,3.2,3.2,2.2,2.2,3.2,3.2,3.2,3.2,3.2,3.2,3.2,3.2,3.2,0,8783911,3.2,3.2,100.0,100,False,False,False
10-02-2021,13:24:00,-92.80000000000001,23,22,67,22,22,23,23,23,22,22,38.39,0,3.2,3.2,3.2,2.2,2.2,3.2,3.2,3.2,3.2,3.2,3.2,3.2,3.2,3.2,0,9012261,3.2,3.2,100.0,100,-90.30000000000001,23,22,67,22,22,23,23,23,22,22,38.38,0,3.2,3.2,3.2,2.2,2.2,3.2,3.2,3.2,3.2,3.2,3.2,3.2,3.2,3.2,0,8784180,3.2,3.2,100.0,100,False,False,False
10-02-2021,13:24:03,-92.80000000000001,23,22,3,22,22,23,23,23,22,22,38.39,0,3.2,3.2,3.2,2.2,2.2,3.2,3.2,3.2,3.2,3.2,3.2,3.2,3.2,3.2,0,9012630,3.2,3.2,100.0,100,-90.2,23,22,3,22,22,22,23,23,22,22,38.38,0,3.2,3.2,3.2,2.2,2.2,3.2,3.2,3.2,3.2,3.2,3.2,3.2,3.2,3.2,0,8784449,3.2,3.2,100.0,100,False,False,False
10-02-2021,13:24:06,-92.80000000000001,23,22,67,22,22,23,23,23,22,22,38.39,0,3.2,3.2,3.2,2.2,2.2,3.2,3.2,3.2,3.2,3.2,3.2,3.2,3.2,3.2,0,9012907,3.2,3.2,100.0,100,-90.2,23,22,67,22,22,23,23,23,22,22,38.38,0,3.2,3.2,3.2,2.2,2.2,3.2,3.2,3.2,3.2,3.2,3.2,3.2,3.2,3.2,0,8784717,3.2,3.2,100.0,100,False,False,False
10-02-2021,13:24:09,-92.80000000000001,23,22,3,22,22,23,23,23,22,22,38.39,0,3.2,3.2,3.2,2.2,2.2,3.2,3.2,3.2,3.2,3.2,3.2,3.2,3.2,3.2,0,9013184,3.2,3.2,100.0,100,-90.30000000000001,23,22,3,22,22,23,23,23,22,22,38.38,0,3.2,3.2,3.2,2.2,2.2,3.2,3.2,3.2,3.2,3.2,3.2,3.2,3.2,3.2,0,8784986,3.2,3.2,100.0,100,False,False,False
10-02-2021,13:24:12,-92.9,23,22,67,22,22,23,23,23,22,22,38.39,0,3.2,3.2,3.2,2.2,2.2,3.2,3.2,3.2,3.2,3.2,3.2,3.2,3.2,3.2,0,9013367,3.2,3.2,100.0,100,-90.2,23,22,67,22,22,23,23,23,22,22,38.38,0,3.2,3.2,3.2,2.2,2.2,3.2,3.2,3.2,3.2,3.2,3.2,3.2,3.2,3.2,0,8785254,3.2,3.2,100.0,100,False,False,False
10-02-2021,13:24:15,-92.80000000000001,23,22,3,22,22,23,23,23,22,22,38.39,0,3.2,3.2,3.2,2.2,2.2,3.2,3.2,3.2,3.2,3.2,3.2,3.2,3.2,3.2,0,9013737,3.2,3.2,100.0,100,-90.2,23,22,3,22,22,22,23,23,22,22,38.38,0,3.2,3.2,3.2,2.2,2.2,3.2,3.2,3.2,3.2,3.2,3.2,3.2,3.2,3.2,0,8785523,3.2,3.2,100.0,100,False,False,False
10-02-2021,13:24:18,-92.7,23,22,67,22,22,23,23,23,22,22,38.39,0,3.2,3.2,3.2,2.2,2.2,3.2,3.2,3.2,3.2,3.2,3.2,3.2,3.2,3.2,0,9013921,3.2,3.2,100.0,100,-90.2,23,22,67,22,22,22,23,23,22,22,38.38,0,3.2,3.2,3.2,2.2,2.2,3.2,3.2,3.2,3.2,3.2,3.2,3.2,3.2,3.2,0,8785791,3.2,3.2,100.0,100,False,False,False
10-02-2021,13:24:21,-92.80000000000001,23,22,3,22,22,23,23,23,22,22,38.39,0,3.2,3.2,3.2,2.2,2.2,3.2,3.2,3.2,3.2,3.2,3.2,3.2,3.2,3.2,0,9014290,3.2,3.2,100.0,100,-90.30000000000001,23,22,3,22,22,22,23,23,22,22,38.38,0,3.2,3.2,3.2,2.2,2.2,3.2,3.2,3.2,3.2,3.2,3.2,3.2,3.2,3.2,0,8786060,3.2,3.2,100.0,100,False,False,False
10-02-2021,13:24:24,-92.80000000000001,23,22,67,22,22,23,23,23,22,22,38.39,0,3.2,3.2,3.2,2.2,2.2,3.2,3.2,3.2,3.2,3.2,3.2,3.2,3.2,3.2,0,9014566,3.2,3.2,100.0,100,-90.2,23,22,67,22,22,23,23,23,22,22,38.38,0,3.2,3.2,3.2,2.2,2.2,3.2,3.2,3.2,3.2,3.2,3.2,3.2,3.2,3.2,0,8786328,3.2,3.2,100.0,100,False,False,False
10-02-2021,13:24:27,-92.80000000000001,23,22,3,22,22,23,23,23,22,22,38.39,0,3.2,3.2,3.2,2.2,2.2,3.2,3.2,3.2,3.2,3.2,3.2,3.2,3.2,3.2,0,9014843,3.2,3.2,100.0,100,-90.2,23,22,3,22,22,22,23,23,22,22,38.38,0,3.2,3.2,3.2,2.2,2.2,3.2,3.2,3.2,3.2,3.2,3.2,3.2,3.2,3.2,0,8786597,3.2,3.2,100.0,100,False,False,False
10-02-2021,13:24:30,-92.80000000000001,23,22,67,22,22,23,23,23,22,22,38.39,0,3.2,3.2,3.2,2.2,2.2,3.2,3.2,3.2,3.2,3.2,3.2,3.2,3.2,3.2,0,9015120,3.2,3.2,100.0,100,-90.2,23,22,67,22,22,23,23,23,22,22,38.38,0,3.2,3.2,3.2,2.2,2.2,3.2,3.2,3.2,3.2,3.2,3.2,3.2,3.2,3.2,0,8786866,3.2,3.2,100.0,100,False,False,False
10-02-2021,13:24:33,-92.80000000000001,23,22,3,22,22,23,23,23,22,22,38.39,0,3.2,3.2,3.2,2.2,2.2,3.2,3.2,3.2,3.2,3.2,3.2,3.2,3.2,3.2,0,9015396,3.2,3.2,100.0,100,-90.2,23,22,3,22,22,23,23,23,22,22,38.38,0,3.2,3.2,3.2,2.2,2.2,3.2,3.2,3.2,3.2,3.2,3.2,3.2,3.2,3.2,0,8787134,3.2,3.2,100.0,100,False,False,False
10-02-2021,13:24:36,-92.80000000000001,23,22,67,22,22,23,23,23,22,22,38.39,0,3.2,3.2,3.2,2.2,2.2,3.2,3.2,3.2,3.2,3.2,3.2,3.2,3.2,3.2,0,9015673,3.2,3.2,100.0,100,-90.2,23,22,67,22,22,23,23,23,22,22,38.38,0,3.2,3.2,3.2,2.2,2.2,3.2,3.2,3.2,3.2,3.2,3.2,3.2,3.2,3.2,0,8787403,3.2,3.2,100.0,100,False,False,False
10-02-2021,13:24:39,-92.80000000000001,23,22,3,22,22,23,23,23,22,22,38.39,0,3.2,3.2,3.2,2.2,2.2,3.2,3.2,3.2,3.2,3.2,3.2,3.2,3.2,3.2,0,9015950,3.2,3.2,100.0,100,-90.2,23,22,3,22,22,22,23,23,22,22,38.38,0,3.2,3.2,3.2,2.2,2.2,3.2,3.2,3.2,3.2,3.2,3.2,3.2,3.2,3.2,0,8787671,3.2,3.2,100.0,100,False,False,False
10-02-2021,13:24:42,-92.80000000000001,23,22,67,22,22,23,23,23,22,22,38.39,0,3.2,3.2,3.2,2.2,2.2,3.2,3.2,3.2,3.2,3.2,3.2,3.2,3.2,3.2,0,9016226,3.2,3.2,100.0,100,-90.2,23,22,67,22,22,22,23,23,22,22,38.39,0,3.2,3.2,3.2,2.2,2.2,3.2,3.2,3.2,3.2,3.2,3.2,3.2,3.2,3.2,0,8787940,3.2,3.2,100.0,100,False,False,False
10-02-2021,13:24:45,-92.7,23,22,3,22,22,23,23,23,22,22,38.39,0,3.2,3.2,3.2,2.2,2.2,3.2,3.2,3.2,3.2,3.2,3.2,3.2,3.2,3.2,0,9016503,3.2,3.2,100.0,100,-90.30000000000001,23,22,3,22,22,23,23,23,22,22,38.38,0,3.2,3.2,3.2,2.2,2.2,3.2,3.2,3.2,3.2,3.2,3.2,3.2,3.2,3.2,0,8788209,3.2,3.2,100.0,100,False,False,False
10-02-2021,13:24:48,-92.7,23,22,67,22,22,23,23,23,22,22,38.39,0,3.2,3.2,3.2,2.2,2.2,3.2,3.2,3.2,3.2,3.2,3.2,3.2,3.2,3.2,0,9016780,3.2,3.2,100.0,100,-90.2,23,22,67,22,22,22,23,23,22,22,38.38,0,3.2,3.2,3.2,2.2,2.2,3.2,3.2,3.2,3.2,3.2,3.2,3.2,3.2,3.2,0,8788477,3.2,3.2,100.0,100,False,False,False
10-02-2021,13:24:51,-92.80000000000001,23,22,3,22,22,23,23,23,22,22,38.39,0,3.2,3.2,3.2,2.2,2.2,3.2,3.2,3.2,3.2,3.2,3.2,3.2,3.2,3.2,0,9017056,3.2,3.2,100.0,100,-90.2,23,22,3,22,22,23,23,23,22,22,38.38,0,3.2,3.2,3.2,2.2,2.2,3.2,3.2,3.2,3.2,3.2,3.2,3.2,3.2,3.2,0,8788745,3.2,3.2,100.0,100,False,False,False
10-02-2021,13:24:54,-92.80000000000001,23,22,67,22,22,23,23,23,22,22,38.39,0,3.2,3.2,3.2,2.2,2.2,3.2,3.2,3.2,3.2,3.2,3.2,3.2,3.2,3.2,0,9017333,3.2,3.2,100.0,100,-90.2,23,22,67,22,22,22,23,23,22,22,38.38,0,3.2,3.2,3.2,2.2,2.2,3.2,3.2,3.2,3.2,3.2,3.2,3.2,3.2,3.2,0,8789014,3.2,3.2,100.0,100,False,False,False
10-02-2021,13:24:57,-92.80000000000001,23,22,3,22,22,23,23,23,22,22,38.39,0,3.2,3.2,3.2,2.2,2.2,3.2,3.2,3.2,3.2,3.2,3.2,3.2,3.2,3.2,0,9017517,3.2,3.2,100.0,100,-90.2,23,22,3,22,22,22,23,23,22,22,38.38,0,3.2,3.2,3.2,2.2,2.2,3.2,3.2,3.2,3.2,3.2,3.2,3.2,3.2,3.2,0,8789283,3.2,3.2,100.0,100,False,False,False
10-02-2021,13:25:00,-92.7,23,22,67,22,22,23,23,23,22,22,38.39,0,3.2,3.2,3.2,2.2,2.2,3.2,3.2,3.2,3.2,3.2,3.2,3.2,3.2,3.2,0,9017886,3.2,3.2,100.0,100,-90.2,23,22,67,22,22,23,23,23,22,22,38.38,0,3.2,3.2,3.2,2.2,2.2,3.2,3.2,3.2,3.2,3.2,3.2,3.2,3.2,3.2,0,8789551,3.2,3.2,100.0,100,False,False,False
10-02-2021,13:25:03,-92.7,23,22,3,22,22,23,23,23,22,22,38.39,0,3.2,3.2,3.2,2.2,2.2,3.2,3.2,3.2,3.2,3.2,3.2,3.2,3.2,3.2,0,9018163,3.2,3.2,100.0,100,-90.2,23,22,3,22,22,23,23,23,22,22,38.38,0,3.2,3.2,3.2,2.2,2.2,3.2,3.2,3.2,3.2,3.2,3.2,3.2,3.2,3.2,0,8789820,3.2,3.2,100.0,100,False,False,False
10-02-2021,13:25:06,-92.80000000000001,23,22,67,22,22,23,23,23,22,22,38.39,0,3.2,3.2,3.2,2.2,2.2,3.2,3.2,3.2,3.2,3.2,3.2,3.2,3.2,3.2,0,9018439,3.2,3.2,100.0,100,-90.2,23,22,67,22,22,22,23,23,22,22,38.38,0,3.2,3.2,3.2,2.2,2.2,3.2,3.2,3.2,3.2,3.2,3.2,3.2,3.2,3.2,0,8790088,3.2,3.2,100.0,100,False,False,False
10-02-2021,13:25:09,-92.7,23,22,3,22,22,23,23,23,22,22,38.39,0,3.2,3.2,3.2,2.2,2.2,3.2,3.2,3.2,3.2,3.2,3.2,3.2,3.2,3.2,0,9018716,3.2,3.2,100.0,100,-90.2,23,22,3,22,22,23,23,23,22,22,38.38,0,3.2,3.2,3.2,2.2,2.2,3.2,3.2,3.2,3.2,3.2,3.2,3.2,3.2,3.2,0,8790357,3.2,3.2,100.0,100,False,False,False
10-02-2021,13:25:12,-92.80000000000001,23,22,67,22,22,23,23,23,22,22,38.39,0,3.2,3.2,3.2,2.2,2.2,3.2,3.2,3.2,3.2,3.2,3.2,3.2,3.2,3.2,0,9018900,3.2,3.2,100.0,100,-90.2,23,22,67,22,22,22,23,23,22,22,38.38,0,3.2,3.2,3.2,2.2,2.2,3.2,3.2,3.2,3.2,3.2,3.2,3.2,3.2,3.2,0,8790626,3.2,3.2,100.0,100,False,False,False
10-02-2021,13:25:15,-92.80000000000001,23,22,3,22,22,23,23,23,22,22,38.39,0,3.2,3.2,3.2,2.2,2.2,3.2,3.2,3.2,3.2,3.2,3.2,3.2,3.2,3.2,0,9019269,3.2,3.2,100.0,100,-90.2,23,22,3,22,22,23,23,23,22,22,38.38,0,3.2,3.2,3.2,2.2,2.2,3.2,3.2,3.2,3.2,3.2,3.2,3.2,3.2,3.2,0,8790894,3.2,3.2,100.0,100,False,False,False
10-02-2021,13:25:18,-92.80000000000001,23,22,67,22,22,23,23,23,22,22,38.39,0,3.2,3.2,3.2,2.2,2.2,3.2,3.2,3.2,3.2,3.2,3.2,3.2,3.2,3.2,0,9019546,3.2,3.2,100.0,100,-90.30000000000001,23,22,67,22,22,22,23,23,22,22,38.38,0,3.2,3.2,3.2,2.2,2.2,3.2,3.2,3.2,3.2,3.2,3.2,3.2,3.2,3.2,0,8791162,3.2,3.2,100.0,100,False,False,False
10-02-2021,13:25:21,-92.7,23,22,3,22,22,23,23,23,22,22,38.39,0,3.2,3.2,3.2,2.2,2.2,3.2,3.2,3.2,3.2,3.2,3.2,3.2,3.2,3.2,0,9019823,3.2,3.2,100.0,100,-90.2,23,22,3,22,22,23,23,23,22,22,38.38,0,3.2,3.2,3.2,2.2,2.2,3.2,3.2,3.2,3.2,3.2,3.2,3.2,3.2,3.2,0,8791431,3.2,3.2,100.0,100,False,False,False
10-02-2021,13:25:24,-92.7,23,22,67,22,22,23,23,23,22,22,38.39,0,3.2,3.2,3.2,2.2,2.2,3.2,3.2,3.2,3.2,3.2,3.2,3.2,3.2,3.2,0,9020099,3.2,3.2,100.0,100,-90.30000000000001,23,22,67,22,22,23,23,23,22,22,38.38,0,3.2,3.2,3.2,2.2,2.2,3.2,3.2,3.2,3.2,3.2,3.2,3.2,3.2,3.2,0,8791700,3.2,3.2,100.0,100,False,False,False
10-02-2021,13:25:27,-92.80000000000001,23,22,3,22,22,23,23,23,22,22,38.39,0,3.2,3.2,3.2,2.2,2.2,3.2,3.2,3.2,3.2,3.2,3.2,3.2,3.2,3.2,0,9020375,3.2,3.2,100.0,100,-90.2,23,22,3,22,22,23,23,23,22,22,38.38,0,3.2,3.2,3.2,2.2,2.2,3.2,3.2,3.2,3.2,3.2,3.2,3.2,3.2,3.2,0,8791968,3.2,3.2,100.0,100,False,False,False
10-02-2021,13:25:30,-92.7,23,22,67,22,22,23,23,23,22,22,38.39,0,3.2,3.2,3.2,2.2,2.2,3.2,3.2,3.2,3.2,3.2,3.2,3.2,3.2,3.2,0,9020652,3.2,3.2,100.0,100,-90.2,23,22,67,22,22,23,23,23,22,22,38.38,0,3.2,3.2,3.2,2.2,2.2,3.2,3.2,3.2,3.2,3.2,3.2,3.2,3.2,3.2,0,8792237,3.2,3.2,100.0,100,False,False,False
10-02-2021,13:25:33,-92.7,23,22,3,22,22,23,23,23,22,22,38.39,0,3.2,3.2,3.2,2.2,2.2,3.2,3.2,3.2,3.2,3.2,3.2,3.2,3.2,3.2,0,9020929,3.2,3.2,100.0,100,-90.2,23,22,3,22,22,23,23,23,22,22,38.38,0,3.2,3.2,3.2,2.2,2.2,3.2,3.2,3.2,3.2,3.2,3.2,3.2,3.2,3.2,0,8792505,3.2,3.2,100.0,100,False,False,False
10-02-2021,13:25:36,-92.80000000000001,23,22,67,22,22,23,23,23,22,22,38.39,0,3.2,3.2,3.2,2.2,2.2,3.2,3.2,3.2,3.2,3.2,3.2,3.2,3.2,3.2,0,9021205,3.2,3.2,100.0,100,-90.30000000000001,23,22,67,22,22,22,23,23,22,22,38.38,0,3.2,3.2,3.2,2.2,2.2,3.2,3.2,3.2,3.2,3.2,3.2,3.2,3.2,3.2,0,8792774,3.2,3.2,100.0,100,False,False,False
10-02-2021,13:25:39,-92.80000000000001,23,22,3,22,22,23,23,23,22,22,38.39,0,3.2,3.2,3.2,2.2,2.2,3.2,3.2,3.2,3.2,3.2,3.2,3.2,3.2,3.2,0,9021482,3.2,3.2,100.0,100,-90.2,23,22,3,22,22,22,23,23,22,22,38.38,0,3.2,3.2,3.2,2.2,2.2,3.2,3.2,3.2,3.2,3.2,3.2,3.2,3.2,3.2,0,8793043,3.2,3.2,100.0,100,False,False,False
10-02-2021,13:25:42,-92.80000000000001,23,22,67,22,22,23,23,23,22,22,38.39,0,3.2,3.2,3.2,2.2,2.2,3.2,3.2,3.2,3.2,3.2,3.2,3.2,3.2,3.2,0,9021759,3.2,3.2,100.0,100,-90.2,23,22,67,22,22,23,23,23,22,22,38.38,0,3.2,3.2,3.2,2.2,2.2,3.2,3.2,3.2,3.2,3.2,3.2,3.2,3.2,3.2,0,8793311,3.2,3.2,100.0,100,False,False,False
10-02-2021,13:25:45,-92.80000000000001,23,22,3,22,22,23,23,23,22,22,38.39,0,3.2,3.2,3.2,2.2,2.2,3.2,3.2,3.2,3.2,3.2,3.2,3.2,3.2,3.2,0,9022035,3.2,3.2,100.0,100,-90.2,23,22,3,22,22,22,23,23,22,22,38.38,0,3.2,3.2,3.2,2.2,2.2,3.2,3.2,3.2,3.2,3.2,3.2,3.2,3.2,3.2,0,8793579,3.2,3.2,100.0,100,False,False,False
10-02-2021,13:25:48,-92.80000000000001,23,22,67,22,22,23,23,23,22,22,38.39,0,3.2,3.2,3.2,2.2,2.2,3.2,3.2,3.2,3.2,3.2,3.2,3.2,3.2,3.2,0,9022312,3.2,3.2,100.0,100,-90.2,23,22,67,22,22,23,23,23,22,22,38.38,0,3.2,3.2,3.2,2.2,2.2,3.2,3.2,3.2,3.2,3.2,3.2,3.2,3.2,3.2,0,8793848,3.2,3.2,100.0,100,False,False,False
10-02-2021,13:25:50,-92.80000000000001,23,22,3,22,22,23,23,23,22,22,38.39,0,3.2,3.2,3.2,2.2,2.2,3.2,3.2,3.2,3.2,3.2,3.2,3.2,3.2,3.2,0,9022589,3.2,3.2,100.0,100,-90.2,23,22,3,22,22,23,23,23,22,22,38.38,0,3.2,3.2,3.2,2.2,2.2,3.2,3.2,3.2,3.2,3.2,3.2,3.2,3.2,3.2,0,8794116,3.2,3.2,100.0,100,False,False,False
10-02-2021,13:25:53,-92.80000000000001,23,22,67,22,22,23,23,23,22,22,38.39,0,3.2,3.2,3.2,2.2,2.2,3.2,3.2,3.2,3.2,3.2,3.2,3.2,3.2,3.2,0,9022865,3.2,3.2,100.0,100,-90.2,23,22,67,22,22,23,23,23,22,22,38.38,0,3.2,3.2,3.2,2.2,2.2,3.2,3.2,3.2,3.2,3.2,3.2,3.2,3.2,3.2,0,8794385,3.2,3.2,100.0,100,False,False,False
10-02-2021,13:25:56,-92.80000000000001,23,22,3,22,22,23,23,23,22,22,38.39,0,3.2,3.2,3.2,2.2,2.2,3.2,3.2,3.2,3.2,3.2,3.2,3.2,3.2,3.2,0,9023142,3.2,3.2,100.0,100,-90.2,23,22,3,22,22,23,23,23,22,22,38.38,0,3.2,3.2,3.2,2.2,2.2,3.2,3.2,3.2,3.2,3.2,3.2,3.2,3.2,3.2,0,8794653,3.2,3.2,100.0,100,False,False,False
10-02-2021,13:25:59,-92.80000000000001,23,22,67,22,22,23,23,23,22,22,38.39,0,3.2,3.2,3.2,2.2,2.2,3.2,3.2,3.2,3.2,3.2,3.2,3.2,3.2,3.2,0,9023420,3.2,3.2,100.0,100,-90.2,23,22,67,22,22,22,23,23,22,22,38.38,0,3.2,3.2,3.2,2.2,2.2,3.2,3.2,3.2,3.2,3.2,3.2,3.2,3.2,3.2,0,8794922,3.2,3.2,100.0,100,False,False,False
10-02-2021,13:26:02,-92.80000000000001,23,22,3,22,22,23,23,23,22,22,38.39,0,3.2,3.2,3.2,2.2,2.2,3.2,3.2,3.2,3.2,3.2,3.2,3.2,3.2,3.2,0,9023604,3.2,3.2,100.0,100,-90.2,23,22,3,22,22,23,23,23,22,22,38.38,0,3.2,3.2,3.2,2.2,2.2,3.2,3.2,3.2,3.2,3.2,3.2,3.2,3.2,3.2,0,8795191,3.2,3.2,100.0,100,False,False,False
10-02-2021,13:26:05,-92.9,23,22,67,22,22,23,23,23,22,22,38.39,0,3.2,3.2,3.2,2.2,2.2,3.2,3.2,3.2,3.2,3.2,3.2,3.2,3.2,3.2,0,9023880,3.2,3.2,100.0,100,-90.2,23,22,67,22,22,23,23,23,22,22,38.38,0,3.2,3.2,3.2,2.2,2.2,3.2,3.2,3.2,3.2,3.2,3.2,3.2,3.2,3.2,0,8795459,3.2,3.2,100.0,100,False,False,False
10-02-2021,13:26:08,-92.80000000000001,23,22,3,22,22,23,23,23,22,22,38.39,0,3.2,3.2,3.2,2.2,2.2,3.2,3.2,3.2,3.2,3.2,3.2,3.2,3.2,3.2,0,9024157,3.2,3.2,100.0,100,-90.2,23,22,3,22,22,22,23,23,22,22,38.38,0,3.2,3.2,3.2,2.2,2.2,3.2,3.2,3.2,3.2,3.2,3.2,3.2,3.2,3.2,0,8795727,3.2,3.2,100.0,100,False,False,False
10-02-2021,13:26:11,-92.80000000000001,23,22,67,22,22,23,23,23,22,22,38.39,0,3.2,3.2,3.2,2.2,2.2,3.2,3.2,3.2,3.2,3.2,3.2,3.2,3.2,3.2,0,9024433,3.2,3.2,100.0,100,-90.2,23,22,67,22,22,23,23,23,22,22,38.38,0,3.2,3.2,3.2,2.2,2.2,3.2,3.2,3.2,3.2,3.2,3.2,3.2,3.2,3.2,0,8795996,3.2,3.2,100.0,100,False,False,False
10-02-2021,13:26:14,-92.80000000000001,23,22,3,22,22,23,23,23,22,22,38.39,0,3.2,3.2,3.2,2.2,2.2,3.2,3.2,3.2,3.2,3.2,3.2,3.2,3.2,3.2,0,9024803,3.2,3.2,100.0,100,-90.2,23,22,3,22,22,23,23,23,22,22,38.38,0,3.2,3.2,3.2,2.2,2.2,3.2,3.2,3.2,3.2,3.2,3.2,3.2,3.2,3.2,0,8796264,3.2,3.2,100.0,100,False,False,False
10-02-2021,13:26:17,-92.80000000000001,23,22,67,22,22,23,23,23,22,22,38.39,0,3.2,3.2,3.2,2.2,2.2,3.2,3.2,3.2,3.2,3.2,3.2,3.2,3.2,3.2,0,9025080,3.2,3.2,100.0,100,-90.2,23,22,67,22,22,22,23,23,22,22,38.38,0,3.2,3.2,3.2,2.2,2.2,3.2,3.2,3.2,3.2,3.2,3.2,3.2,3.2,3.2,0,8796533,3.2,3.2,100.0,100,False,False,False
10-02-2021,13:26:20,-92.80000000000001,23,22,3,22,22,23,23,23,22,22,38.39,0,3.2,3.2,3.2,2.2,2.2,3.2,3.2,3.2,3.2,3.2,3.2,3.2,3.2,3.2,0,9025264,3.2,3.2,100.0,100,-90.2,23,22,3,22,22,23,23,23,22,22,38.38,0,3.2,3.2,3.2,2.2,2.2,3.2,3.2,3.2,3.2,3.2,3.2,3.2,3.2,3.2,0,8796801,3.2,3.2,100.0,100,False,False,False
10-02-2021,13:26:23,-92.7,23,22,67,22,22,23,23,23,22,22,38.39,0,3.2,3.2,3.2,2.2,2.2,3.2,3.2,3.2,3.2,3.2,3.2,3.2,3.2,3.2,0,9025634,3.2,3.2,100.0,100,-90.30000000000001,23,22,67,22,22,22,23,23,22,22,38.38,0,3.2,3.2,3.2,2.2,2.2,3.2,3.2,3.2,3.2,3.2,3.2,3.2,3.2,3.2,0,8797070,3.2,3.2,100.0,100,False,False,False
10-02-2021,13:26:26,-92.80000000000001,23,22,3,22,22,23,23,23,22,22,38.39,0,3.2,3.2,3.2,2.2,2.2,3.2,3.2,3.2,3.2,3.2,3.2,3.2,3.2,3.2,0,9025817,3.2,3.2,100.0,100,-90.2,23,22,3,22,22,22,23,23,22,22,38.38,0,3.2,3.2,3.2,2.2,2.2,3.2,3.2,3.2,3.2,3.2,3.2,3.2,3.2,3.2,0,8797339,3.2,3.2,100.0,100,False,False,False
10-02-2021,13:26:29,-92.80000000000001,23,22,67,22,22,23,23,23,22,22,38.39,0,3.2,3.2,3.2,2.2,2.2,3.2,3.2,3.2,3.2,3.2,3.2,3.2,3.2,3.2,0,9026187,3.2,3.2,100.0,100,-90.2,23,22,67,22,22,23,23,23,22,22,38.38,0,3.2,3.2,3.2,2.2,2.2,3.2,3.2,3.2,3.2,3.2,3.2,3.2,3.2,3.2,0,8797607,3.2,3.2,100.0,100,False,False,False
10-02-2021,13:26:32,-92.80000000000001,23,22,3,22,22,23,23,23,22,22,38.39,0,3.2,3.2,3.2,2.2,2.2,3.2,3.2,3.2,3.2,3.2,3.2,3.2,3.2,3.2,0,9026464,3.2,3.2,100.0,100,-90.2,23,22,3,22,22,23,23,23,22,22,38.38,0,3.2,3.2,3.2,2.2,2.2,3.2,3.2,3.2,3.2,3.2,3.2,3.2,3.2,3.2,0,8797875,3.2,3.2,100.0,100,False,False,False
10-02-2021,13:26:35,-92.7,23,22,67,22,22,23,23,23,22,22,38.39,0,3.2,3.2,3.2,2.2,2.2,3.2,3.2,3.2,3.2,3.2,3.2,3.2,3.2,3.2,0,9026741,3.2,3.2,100.0,100,-90.2,23,22,67,22,22,23,23,23,22,22,38.38,0,3.2,3.2,3.2,2.2,2.2,3.2,3.2,3.2,3.2,3.2,3.2,3.2,3.2,3.2,0,8798144,3.2,3.2,100.0,100,False,False,False
10-02-2021,13:26:38,-92.80000000000001,23,22,3,22,22,23,23,23,22,22,38.39,0,3.2,3.2,3.2,2.2,2.2,3.2,3.2,3.2,3.2,3.2,3.2,3.2,3.2,3.2,0,9027017,3.2,3.2,100.0,100,-90.2,23,22,3,22,22,22,23,23,22,22,38.38,0,3.2,3.2,3.2,2.2,2.2,3.2,3.2,3.2,3.2,3.2,3.2,3.2,3.2,3.2,0,8798413,3.2,3.2,100.0,100,False,False,False
10-02-2021,13:26:41,-92.80000000000001,23,22,67,22,22,23,23,23,22,22,38.39,0,3.2,3.2,3.2,2.2,2.2,3.2,3.2,3.2,3.2,3.2,3.2,3.2,3.2,3.2,0,9027294,3.2,3.2,100.0,100,-90.30000000000001,23,22,67,22,22,23,23,23,22,22,38.38,0,3.2,3.2,3.2,2.2,2.2,3.2,3.2,3.2,3.2,3.2,3.2,3.2,3.2,3.2,0,8798681,3.2,3.2,100.0,100,False,False,False
10-02-2021,13:26:44,-92.7,23,22,3,22,22,23,23,23,22,22,38.39,0,3.2,3.2,3.2,2.2,2.2,3.2,3.2,3.2,3.2,3.2,3.2,3.2,3.2,3.2,0,9027571,3.2,3.2,100.0,100,-90.2,23,22,3,22,22,23,23,23,22,22,38.38,0,3.2,3.2,3.2,2.2,2.2,3.2,3.2,3.2,3.2,3.2,3.2,3.2,3.2,3.2,0,8798950,3.2,3.2,100.0,100,False,False,False
10-02-2021,13:26:47,-92.80000000000001,23,22,67,22,22,23,23,23,22,22,38.39,0,3.2,3.2,3.2,2.2,2.2,3.2,3.2,3.2,3.2,3.2,3.2,3.2,3.2,3.2,0,9027848,3.2,3.2,100.0,100,-90.2,23,22,67,22,22,23,23,23,22,22,38.38,0,3.2,3.2,3.2,2.2,2.2,3.2,3.2,3.2,3.2,3.2,3.2,3.2,3.2,3.2,0,8799219,3.2,3.2,100.0,100,False,False,False
10-02-2021,13:26:50,-92.80000000000001,23,22,3,22,22,23,23,23,22,22,38.39,0,3.2,3.2,3.2,2.2,2.2,3.2,3.2,3.2,3.2,3.2,3.2,3.2,3.2,3.2,0,9028125,3.2,3.2,100.0,100,-90.2,23,22,3,22,22,23,23,23,22,22,38.38,0,3.2,3.2,3.2,2.2,2.2,3.2,3.2,3.2,3.2,3.2,3.2,3.2,3.2,3.2,0,8799487,3.2,3.2,100.0,100,False,False,False
10-02-2021,13:26:53,-92.80000000000001,23,22,67,22,22,23,23,23,22,22,38.39,0,3.2,3.2,3.2,2.2,2.2,3.2,3.2,3.2,3.2,3.2,3.2,3.2,3.2,3.2,0,9028401,3.2,3.2,100.0,100,-90.2,23,22,67,22,22,23,23,23,22,22,38.38,0,3.2,3.2,3.2,2.2,2.2,3.2,3.2,3.2,3.2,3.2,3.2,3.2,3.2,3.2,0,8799756,3.2,3.2,100.0,100,False,False,False
10-02-2021,13:26:56,-92.80000000000001,23,22,3,22,22,23,23,23,22,22,38.39,0,3.2,3.2,3.2,2.2,2.2,3.2,3.2,3.2,3.2,3.2,3.2,3.2,3.2,3.2,0,9028679,3.2,3.2,100.0,100,-90.2,23,22,3,22,22,22,23,23,22,22,38.38,0,3.2,3.2,3.2,2.2,2.2,3.2,3.2,3.2,3.2,3.2,3.2,3.2,3.2,3.2,0,8800025,3.2,3.2,100.0,100,False,False,False
10-02-2021,13:26:59,-92.80000000000001,23,22,67,22,22,23,23,23,22,22,38.39,0,3.2,3.2,3.2,2.2,2.2,3.2,3.2,3.2,3.2,3.2,3.2,3.2,3.2,3.2,0,9028955,3.2,3.2,100.0,100,-90.2,23,22,67,22,22,23,23,23,22,22,38.38,0,3.2,3.2,3.2,2.2,2.2,3.2,3.2,3.2,3.2,3.2,3.2,3.2,3.2,3.2,0,8800293,3.2,3.2,100.0,100,False,False,False
10-02-2021,13:27:02,-92.80000000000001,23,22,3,22,22,23,23,23,22,22,38.39,0,3.2,3.2,3.2,2.2,2.2,3.2,3.2,3.2,3.2,3.2,3.2,3.2,3.2,3.2,0,9029232,3.2,3.2,100.0,100,-90.30000000000001,23,22,3,22,22,22,23,23,22,22,38.38,0,3.2,3.2,3.2,2.2,2.2,3.2,3.2,3.2,3.2,3.2,3.2,3.2,3.2,3.2,0,8800562,3.2,3.2,100.0,100,False,False,False
10-02-2021,13:27:05,-92.80000000000001,23,22,67,22,22,23,23,23,22,22,38.39,0,3.2,3.2,3.2,2.2,2.2,3.2,3.2,3.2,3.2,3.2,3.2,3.2,3.2,3.2,0,9029509,3.2,3.2,100.0,100,-90.2,23,22,67,22,22,23,23,23,22,22,38.38,0,3.2,3.2,3.2,2.2,2.2,3.2,3.2,3.2,3.2,3.2,3.2,3.2,3.2,3.2,0,8800830,3.2,3.2,100.0,100,False,False,False
10-02-2021,13:27:08,-92.80000000000001,23,22,3,22,22,23,23,23,22,22,38.39,0,3.2,3.2,3.2,2.2,2.2,3.2,3.2,3.2,3.2,3.2,3.2,3.2,3.2,3.2,0,9029785,3.2,3.2,100.0,100,-90.2,23,22,3,22,22,23,23,23,22,22,38.38,0,3.2,3.2,3.2,2.2,2.2,3.2,3.2,3.2,3.2,3.2,3.2,3.2,3.2,3.2,0,8801099,3.2,3.2,100.0,100,False,False,False
10-02-2021,13:27:11,-92.80000000000001,23,22,67,22,22,23,23,23,22,22,38.39,0,3.2,3.2,3.2,2.2,2.2,3.2,3.2,3.2,3.2,3.2,3.2,3.2,3.2,3.2,0,9030062,3.2,3.2,100.0,100,-90.2,23,22,67,22,22,23,23,23,22,22,38.38,0,3.2,3.2,3.2,2.2,2.2,3.2,3.2,3.2,3.2,3.2,3.2,3.2,3.2,3.2,0,8801368,3.2,3.2,100.0,100,False,False,False
10-02-2021,13:27:14,-92.80000000000001,23,22,3,22,22,23,23,23,22,22,38.39,0,3.2,3.2,3.2,2.2,2.2,3.2,3.2,3.2,3.2,3.2,3.2,3.2,3.2,3.2,0,9030339,3.2,3.2,100.0,100,-90.2,23,22,3,22,22,23,23,23,22,22,38.38,0,3.2,3.2,3.2,2.2,2.2,3.2,3.2,3.2,3.2,3.2,3.2,3.2,3.2,3.2,0,8801636,3.2,3.2,100.0,100,False,False,False
10-02-2021,13:27:17,-92.80000000000001,23,22,67,22,22,23,23,23,22,22,38.39,0,3.2,3.2,3.2,2.2,2.2,3.2,3.2,3.2,3.2,3.2,3.2,3.2,3.2,3.2,0,9030616,3.2,3.2,100.0,100,-90.2,23,22,67,22,22,23,23,23,22,22,38.38,0,3.2,3.2,3.2,2.2,2.2,3.2,3.2,3.2,3.2,3.2,3.2,3.2,3.2,3.2,0,8801905,3.2,3.2,100.0,100,False,False,False
10-02-2021,13:27:20,-92.80000000000001,23,22,3,22,22,23,23,23,22,22,38.39,0,3.2,3.2,3.2,2.2,2.2,3.2,3.2,3.2,3.2,3.2,3.2,3.2,3.2,3.2,0,9030893,3.2,3.2,100.0,100,-90.2,23,22,3,22,22,22,23,23,22,22,38.38,0,3.2,3.2,3.2,2.2,2.2,3.2,3.2,3.2,3.2,3.2,3.2,3.2,3.2,3.2,0,8802174,3.2,3.2,100.0,100,False,False,False
10-02-2021,13:27:23,-92.80000000000001,23,22,67,22,22,23,23,23,22,22,38.39,0,3.2,3.2,3.2,2.2,2.2,3.2,3.2,3.2,3.2,3.2,3.2,3.2,3.2,3.2,0,9031169,3.2,3.2,100.0,100,-90.2,23,22,67,22,22,23,23,23,22,22,38.38,0,3.2,3.2,3.2,2.2,2.2,3.2,3.2,3.2,3.2,3.2,3.2,3.2,3.2,3.2,0,8802442,3.2,3.2,100.0,100,False,False,False
10-02-2021,13:27:26,-92.9,23,22,3,22,22,23,23,23,22,22,38.39,0,3.2,3.2,3.2,2.2,2.2,3.2,3.2,3.2,3.2,3.2,3.2,3.2,3.2,3.2,0,9031446,3.2,3.2,100.0,100,-90.2,23,22,3,22,22,22,23,23,22,22,38.38,0,3.2,3.2,3.2,2.2,2.2,3.2,3.2,3.2,3.2,3.2,3.2,3.2,3.2,3.2,0,8802711,3.2,3.2,100.0,100,False,False,False
10-02-2021,13:27:29,-92.80000000000001,23,22,67,22,22,23,23,23,22,22,38.39,0,3.2,3.2,3.2,2.2,2.2,3.2,3.2,3.2,3.2,3.2,3.2,3.2,3.2,3.2,0,9031723,3.2,3.2,100.0,100,-90.10000000000001,23,22,67,22,22,23,23,23,22,22,38.38,0,3.2,3.2,3.2,2.2,2.2,3.2,3.2,3.2,3.2,3.2,3.2,3.2,3.2,3.2,0,8802980,3.2,3.2,100.0,100,False,False,False
10-02-2021,13:27:32,-92.80000000000001,23,22,3,22,22,23,23,23,22,22,38.39,0,3.2,3.2,3.2,2.2,2.2,3.2,3.2,3.2,3.2,3.2,3.2,3.2,3.2,3.2,0,9032000,3.2,3.2,100.0,100,-90.2,23,22,3,22,22,23,23,23,22,22,38.38,0,3.2,3.2,3.2,2.2,2.2,3.2,3.2,3.2,3.2,3.2,3.2,3.2,3.2,3.2,0,8803248,3.2,3.2,100.0,100,False,False,False
10-02-2021,13:27:35,-92.80000000000001,23,22,67,22,22,23,23,23,22,22,38.39,0,3.2,3.2,3.2,2.2,2.2,3.2,3.2,3.2,3.2,3.2,3.2,3.2,3.2,3.2,0,9032277,3.2,3.2,100.0,100,-90.30000000000001,23,22,67,22,22,23,23,23,22,22,38.38,0,3.2,3.2,3.2,2.2,2.2,3.2,3.2,3.2,3.2,3.2,3.2,3.2,3.2,3.2,0,8803517,3.2,3.2,100.0,100,False,False,False
10-02-2021,13:27:38,-92.80000000000001,23,22,3,22,22,23,23,23,22,22,38.39,0,3.2,3.2,3.2,2.2,2.2,3.2,3.2,3.2,3.2,3.2,3.2,3.2,3.2,3.2,0,9032554,3.2,3.2,100.0,100,-90.2,23,22,3,22,22,23,23,23,22,22,38.38,0,3.2,3.2,3.2,2.2,2.2,3.2,3.2,3.2,3.2,3.2,3.2,3.2,3.2,3.2,0,8803785,3.2,3.2,100.0,100,False,False,False
10-02-2021,13:27:41,-92.80000000000001,23,22,67,22,22,23,23,23,22,22,38.39,0,3.2,3.2,3.2,2.2,2.2,3.2,3.2,3.2,3.2,3.2,3.2,3.2,3.2,3.2,0,9032831,3.2,3.2,100.0,100,-90.10000000000001,23,22,67,22,22,23,23,23,22,22,38.38,0,3.2,3.2,3.2,2.2,2.2,3.2,3.2,3.2,3.2,3.2,3.2,3.2,3.2,3.2,0,8804054,3.2,3.2,100.0,100,False,False,False
10-02-2021,13:27:44,-92.7,23,22,3,22,22,23,23,23,22,22,38.39,0,3.2,3.2,3.2,2.2,2.2,3.2,3.2,3.2,3.2,3.2,3.2,3.2,3.2,3.2,0,9033108,3.2,3.2,100.0,100,-90.2,23,22,3,22,22,23,23,23,22,22,38.38,0,3.2,3.2,3.2,2.2,2.2,3.2,3.2,3.2,3.2,3.2,3.2,3.2,3.2,3.2,0,8804323,3.2,3.2,100.0,100,False,False,False
10-02-2021,13:27:47,-92.80000000000001,23,22,67,22,22,23,23,23,22,22,38.39,0,3.2,3.2,3.2,2.2,2.2,3.2,3.2,3.2,3.2,3.2,3.2,3.2,3.2,3.2,0,9033385,3.2,3.2,100.0,100,-90.30000000000001,23,22,67,22,22,23,23,23,22,22,38.38,0,3.2,3.2,3.2,2.2,2.2,3.2,3.2,3.2,3.2,3.2,3.2,3.2,3.2,3.2,0,8804591,3.2,3.2,100.0,100,False,False,False
10-02-2021,13:27:50,-92.80000000000001,23,22,3,22,22,23,23,23,22,22,38.39,0,3.2,3.2,3.2,2.2,2.2,3.2,3.2,3.2,3.2,3.2,3.2,3.2,3.2,3.2,0,9033661,3.2,3.2,100.0,100,-90.2,23,22,3,22,22,22,23,23,22,22,38.38,0,3.2,3.2,3.2,2.2,2.2,3.2,3.2,3.2,3.2,3.2,3.2,3.2,3.2,3.2,0,8804860,3.2,3.2,100.0,100,False,False,False
10-02-2021,13:27:53,-92.80000000000001,23,22,67,22,22,23,23,23,22,22,38.39,0,3.2,3.2,3.2,2.2,2.2,3.2,3.2,3.2,3.2,3.2,3.2,3.2,3.2,3.2,0,9033939,3.2,3.2,100.0,100,-90.30000000000001,23,22,67,22,22,23,23,23,22,22,38.38,0,3.2,3.2,3.2,2.2,2.2,3.2,3.2,3.2,3.2,3.2,3.2,3.2,3.2,3.2,0,8805128,3.2,3.2,100.0,100,False,False,False
10-02-2021,13:27:56,-92.9,23,22,3,22,22,23,23,23,22,22,38.39,0,3.2,3.2,3.2,2.2,2.2,3.2,3.2,3.2,3.2,3.2,3.2,3.2,3.2,3.2,0,9034124,3.2,3.2,100.0,100,-90.2,23,22,3,22,22,23,23,23,22,22,38.38,0,3.2,3.2,3.2,2.2,2.2,3.2,3.2,3.2,3.2,3.2,3.2,3.2,3.2,3.2,0,8805396,3.2,3.2,100.0,100,False,False,False
10-02-2021,13:27:59,-92.80000000000001,23,22,67,22,22,23,23,23,22,22,38.39,0,3.2,3.2,3.2,2.2,2.2,3.2,3.2,3.2,3.2,3.2,3.2,3.2,3.2,3.2,0,9034492,3.2,3.2,100.0,100,-90.2,23,22,67,22,22,23,23,23,22,22,38.38,0,3.2,3.2,3.2,2.2,2.2,3.2,3.2,3.2,3.2,3.2,3.2,3.2,3.2,3.2,0,8805665,3.2,3.2,100.0,100,False,False,False
10-02-2021,13:28:02,-92.80000000000001,23,22,3,22,22,23,23,23,22,22,38.39,0,3.2,3.2,3.2,2.2,2.2,3.2,3.2,3.2,3.2,3.2,3.2,3.2,3.2,3.2,0,9034769,3.2,3.2,100.0,100,-90.2,23,22,3,22,22,23,23,23,22,22,38.38,0,3.2,3.2,3.2,2.2,2.2,3.2,3.2,3.2,3.2,3.2,3.2,3.2,3.2,3.2,0,8805934,3.2,3.2,100.0,100,False,False,False
10-02-2021,13:28:05,-92.80000000000001,23,22,67,22,22,23,23,23,22,22,38.39,0,3.2,3.2,3.2,2.2,2.2,3.2,3.2,3.2,3.2,3.2,3.2,3.2,3.2,3.2,0,9035047,3.2,3.2,100.0,100,-90.30000000000001,23,22,67,22,22,23,23,23,22,22,38.38,0,3.2,3.2,3.2,2.2,2.2,3.2,3.2,3.2,3.2,3.2,3.2,3.2,3.2,3.2,0,8806202,3.2,3.2,100.0,100,False,False,False
10-02-2021,13:28:08,-92.9,23,22,3,22,22,23,23,23,22,22,38.39,0,3.2,3.2,3.2,2.2,2.2,3.2,3.2,3.2,3.2,3.2,3.2,3.2,3.2,3.2,0,9035231,3.2,3.2,100.0,100,-90.2,23,22,3,22,22,23,23,23,22,22,38.38,0,3.2,3.2,3.2,2.2,2.2,3.2,3.2,3.2,3.2,3.2,3.2,3.2,3.2,3.2,0,8806471,3.2,3.2,100.0,100,False,False,False
10-02-2021,13:28:11,-92.80000000000001,23,22,67,22,22,23,23,23,22,22,38.39,0,3.2,3.2,3.2,2.2,2.2,3.2,3.2,3.2,3.2,3.2,3.2,3.2,3.2,3.2,0,9035600,3.2,3.2,100.0,100,-90.2,23,22,67,22,22,23,23,23,22,22,38.38,0,3.2,3.2,3.2,2.2,2.2,3.2,3.2,3.2,3.2,3.2,3.2,3.2,3.2,3.2,0,8806739,3.2,3.2,100.0,100,False,False,False
10-02-2021,13:28:14,-92.80000000000001,23,22,3,22,22,23,23,23,22,22,38.39,0,3.2,3.2,3.2,2.2,2.2,3.2,3.2,3.2,3.2,3.2,3.2,3.2,3.2,3.2,0,9035877,3.2,3.2,100.0,100,-90.2,23,22,3,22,22,23,23,23,22,22,38.38,0,3.2,3.2,3.2,2.2,2.2,3.2,3.2,3.2,3.2,3.2,3.2,3.2,3.2,3.2,0,8807008,3.2,3.2,100.0,100,False,False,False
10-02-2021,13:28:17,-92.80000000000001,23,22,67,22,22,23,23,23,22,22,38.39,0,3.2,3.2,3.2,2.2,2.2,3.2,3.2,3.2,3.2,3.2,3.2,3.2,3.2,3.2,0,9036153,3.2,3.2,100.0,100,-90.2,23,22,67,22,22,23,23,23,22,22,38.38,0,3.2,3.2,3.2,2.2,2.2,3.2,3.2,3.2,3.2,3.2,3.2,3.2,3.2,3.2,0,8807277,3.2,3.2,100.0,100,False,False,False
10-02-2021,13:28:20,-92.80000000000001,23,22,3,22,22,23,23,23,22,22,38.39,0,3.2,3.2,3.2,2.2,2.2,3.2,3.2,3.2,3.2,3.2,3.2,3.2,3.2,3.2,0,9036430,3.2,3.2,100.0,100,-90.30000000000001,23,22,3,22,22,23,23,23,22,22,38.38,0,3.2,3.2,3.2,2.2,2.2,3.2,3.2,3.2,3.2,3.2,3.2,3.2,3.2,3.2,0,8807545,3.2,3.2,100.0,100,False,False,False
10-02-2021,13:28:23,-92.80000000000001,23,22,67,22,22,23,23,23,22,22,38.39,0,3.2,3.2,3.2,2.2,2.2,3.2,3.2,3.2,3.2,3.2,3.2,3.2,3.2,3.2,0,9036707,3.2,3.2,100.0,100,-90.2,23,22,67,22,22,23,23,23,22,22,38.38,0,3.2,3.2,3.2,2.2,2.2,3.2,3.2,3.2,3.2,3.2,3.2,3.2,3.2,3.2,0,8807813,3.2,3.2,100.0,100,False,False,False
10-02-2021,13:28:26,-92.80000000000001,23,22,3,22,22,23,23,23,22,22,38.39,0,3.2,3.2,3.2,2.2,2.2,3.2,3.2,3.2,3.2,3.2,3.2,3.2,3.2,3.2,0,9036984,3.2,3.2,100.0,100,-90.2,23,22,3,22,22,23,23,23,22,22,38.38,0,3.2,3.2,3.2,2.2,2.2,3.2,3.2,3.2,3.2,3.2,3.2,3.2,3.2,3.2,0,8808082,3.2,3.2,100.0,100,False,False,False
10-02-2021,13:28:29,-92.80000000000001,23,22,67,22,22,23,23,23,22,22,38.39,0,3.2,3.2,3.2,2.2,2.2,3.2,3.2,3.2,3.2,3.2,3.2,3.2,3.2,3.2,0,9037261,3.2,3.2,100.0,100,-90.30000000000001,23,22,67,22,22,22,23,23,22,22,38.38,0,3.2,3.2,3.2,2.2,2.2,3.2,3.2,3.2,3.2,3.2,3.2,3.2,3.2,3.2,0,8808351,3.2,3.2,100.0,100,False,False,False
10-02-2021,13:28:32,-92.80000000000001,23,22,3,22,22,23,23,23,22,22,38.39,0,3.2,3.2,3.2,2.2,2.2,3.2,3.2,3.2,3.2,3.2,3.2,3.2,3.2,3.2,0,9037538,3.2,3.2,100.0,100,-90.2,23,22,3,22,22,23,23,23,22,22,38.38,0,3.2,3.2,3.2,2.2,2.2,3.2,3.2,3.2,3.2,3.2,3.2,3.2,3.2,3.2,0,8808619,3.2,3.2,100.0,100,False,False,False
10-02-2021,13:28:35,-92.80000000000001,23,22,67,22,22,23,23,23,22,22,38.39,0,3.2,3.2,3.2,2.2,2.2,3.2,3.2,3.2,3.2,3.2,3.2,3.2,3.2,3.2,0,9037815,3.2,3.2,100.0,100,-90.2,23,22,67,22,22,23,23,23,22,22,38.38,0,3.2,3.2,3.2,2.2,2.2,3.2,3.2,3.2,3.2,3.2,3.2,3.2,3.2,3.2,0,8808888,3.2,3.2,100.0,100,False,False,False
10-02-2021,13:28:38,-92.7,23,22,3,22,22,23,23,23,22,22,38.39,0,3.2,3.2,3.2,2.2,2.2,3.2,3.2,3.2,3.2,3.2,3.2,3.2,3.2,3.2,0,9038092,3.2,3.2,100.0,100,-90.30000000000001,23,22,3,22,22,23,23,23,22,22,38.38,0,3.2,3.2,3.2,2.2,2.2,3.2,3.2,3.2,3.2,3.2,3.2,3.2,3.2,3.2,0,8809157,3.2,3.2,100.0,100,False,False,False
10-02-2021,13:28:41,-92.80000000000001,23,22,67,22,22,23,23,23,22,22,38.39,0,3.2,3.2,3.2,2.2,2.2,3.2,3.2,3.2,3.2,3.2,3.2,3.2,3.2,3.2,0,9038369,3.2,3.2,100.0,100,-90.2,23,22,67,22,22,23,23,23,22,22,38.38,0,3.2,3.2,3.2,2.2,2.2,3.2,3.2,3.2,3.2,3.2,3.2,3.2,3.2,3.2,0,8809425,3.2,3.2,100.0,100,False,False,False
10-02-2021,13:28:44,-92.80000000000001,23,22,3,22,22,23,23,23,22,22,38.39,0,3.2,3.2,3.2,2.2,2.2,3.2,3.2,3.2,3.2,3.2,3.2,3.2,3.2,3.2,0,9038647,3.2,3.2,100.0,100,-90.30000000000001,23,22,3,22,22,23,23,23,22,22,38.38,0,3.2,3.2,3.2,2.2,2.2,3.2,3.2,3.2,3.2,3.2,3.2,3.2,3.2,3.2,0,8809694,3.2,3.2,100.0,100,False,False,False
10-02-2021,13:28:47,-92.80000000000001,23,22,67,22,22,23,23,23,22,22,38.39,0,3.2,3.2,3.2,2.2,2.2,3.2,3.2,3.2,3.2,3.2,3.2,3.2,3.2,3.2,0,9038924,3.2,3.2,100.0,100,-90.2,23,22,67,22,22,23,23,23,22,22,38.38,0,3.2,3.2,3.2,2.2,2.2,3.2,3.2,3.2,3.2,3.2,3.2,3.2,3.2,3.2,0,8809963,3.2,3.2,100.0,100,False,False,False
10-02-2021,13:28:50,-92.80000000000001,23,22,3,22,22,23,23,23,22,22,38.39,0,3.2,3.2,3.2,2.2,2.2,3.2,3.2,3.2,3.2,3.2,3.2,3.2,3.2,3.2,0,9039199,3.2,3.2,100.0,100,-90.30000000000001,23,22,3,22,22,23,23,23,22,22,38.38,0,3.2,3.2,3.2,2.2,2.2,3.2,3.2,3.2,3.2,3.2,3.2,3.2,3.2,3.2,0,8810231,3.2,3.2,100.0,100,False,False,False
10-02-2021,13:28:53,-92.80000000000001,23,22,67,22,22,23,23,23,22,22,38.39,0,3.2,3.2,3.2,2.2,2.2,3.2,3.2,3.2,3.2,3.2,3.2,3.2,3.2,3.2,0,9039477,3.2,3.2,100.0,100,-90.30000000000001,23,22,67,22,22,23,23,23,22,22,38.38,0,3.2,3.2,3.2,2.2,2.2,3.2,3.2,3.2,3.2,3.2,3.2,3.2,3.2,3.2,0,8810500,3.2,3.2,100.0,100,False,False,False
10-02-2021,13:28:56,-92.80000000000001,23,22,3,22,22,23,23,23,22,22,38.39,0,3.2,3.2,3.2,2.2,2.2,3.2,3.2,3.2,3.2,3.2,3.2,3.2,3.2,3.2,0,9039754,3.2,3.2,100.0,100,-90.2,23,22,3,22,22,22,23,23,22,22,38.38,0,3.2,3.2,3.2,2.2,2.2,3.2,3.2,3.2,3.2,3.2,3.2,3.2,3.2,3.2,0,8810768,3.2,3.2,100.0,100,False,False,False
10-02-2021,13:28:59,-92.80000000000001,23,22,67,22,22,23,23,23,22,22,38.39,0,3.2,3.2,3.2,2.2,2.2,3.2,3.2,3.2,3.2,3.2,3.2,3.2,3.2,3.2,0,9040031,3.2,3.2,100.0,100,-90.30000000000001,23,22,67,22,22,23,23,23,22,22,38.38,0,3.2,3.2,3.2,2.2,2.2,3.2,3.2,3.2,3.2,3.2,3.2,3.2,3.2,3.2,0,8811037,3.2,3.2,100.0,100,False,False,False
10-02-2021,13:29:02,-92.80000000000001,23,22,3,22,22,23,23,23,22,22,38.39,0,3.2,3.2,3.2,2.2,2.2,3.2,3.2,3.2,3.2,3.2,3.2,3.2,3.2,3.2,0,9040308,3.2,3.2,100.0,100,-90.30000000000001,23,22,3,22,22,23,23,23,22,22,38.38,0,3.2,3.2,3.2,2.2,2.2,3.2,3.2,3.2,3.2,3.2,3.2,3.2,3.2,3.2,0,8811306,3.2,3.2,100.0,100,False,False,False
10-02-2021,13:29:05,-92.80000000000001,23,22,67,22,22,23,23,23,22,22,38.39,0,3.2,3.2,3.2,2.2,2.2,3.2,3.2,3.2,3.2,3.2,3.2,3.2,3.2,3.2,0,9040585,3.2,3.2,100.0,100,-90.2,23,22,67,22,22,22,23,23,22,22,38.38,0,3.2,3.2,3.2,2.2,2.2,3.2,3.2,3.2,3.2,3.2,3.2,3.2,3.2,3.2,0,8811574,3.2,3.2,100.0,100,False,False,False
10-02-2021,13:29:08,-92.80000000000001,23,22,3,22,22,23,23,23,22,22,38.39,0,3.2,3.2,3.2,2.2,2.2,3.2,3.2,3.2,3.2,3.2,3.2,3.2,3.2,3.2,0,9040863,3.2,3.2,100.0,100,-90.30000000000001,23,22,3,22,22,23,23,23,22,22,38.38,0,3.2,3.2,3.2,2.2,2.2,3.2,3.2,3.2,3.2,3.2,3.2,3.2,3.2,3.2,0,8811843,3.2,3.2,100.0,100,False,False,False
10-02-2021,13:29:11,-92.80000000000001,23,22,67,22,22,23,23,23,22,22,38.39,0,3.2,3.2,3.2,2.2,2.2,3.2,3.2,3.2,3.2,3.2,3.2,3.2,3.2,3.2,0,9041139,3.2,3.2,100.0,100,-90.2,23,22,67,22,22,23,23,23,22,22,38.38,0,3.2,3.2,3.2,2.2,2.2,3.2,3.2,3.2,3.2,3.2,3.2,3.2,3.2,3.2,0,8812112,3.2,3.2,100.0,100,False,False,False
10-02-2021,13:29:14,-92.80000000000001,23,22,3,22,22,23,23,23,22,22,38.39,0,3.2,3.2,3.2,2.2,2.2,3.2,3.2,3.2,3.2,3.2,3.2,3.2,3.2,3.2,0,9041416,3.2,3.2,100.0,100,-90.30000000000001,23,22,3,22,22,23,23,23,22,22,38.38,0,3.2,3.2,3.2,2.2,2.2,3.2,3.2,3.2,3.2,3.2,3.2,3.2,3.2,3.2,0,8812380,3.2,3.2,100.0,100,False,False,False
10-02-2021,13:29:17,-92.80000000000001,23,22,67,22,22,23,23,23,22,22,38.39,0,3.2,3.2,3.2,2.2,2.2,3.2,3.2,3.2,3.2,3.2,3.2,3.2,3.2,3.2,0,9041693,3.2,3.2,100.0,100,-90.30000000000001,23,22,67,22,22,23,23,23,22,22,38.38,0,3.2,3.2,3.2,2.2,2.2,3.2,3.2,3.2,3.2,3.2,3.2,3.2,3.2,3.2,0,8812649,3.2,3.2,100.0,100,False,False,False
10-02-2021,13:29:20,-92.80000000000001,23,22,3,22,22,23,23,23,22,22,38.39,0,3.2,3.2,3.2,2.2,2.2,3.2,3.2,3.2,3.2,3.2,3.2,3.2,3.2,3.2,0,9041970,3.2,3.2,100.0,100,-90.10000000000001,23,22,3,22,22,23,23,23,22,22,38.38,0,3.2,3.2,3.2,2.2,2.2,3.2,3.2,3.2,3.2,3.2,3.2,3.2,3.2,3.2,0,8812918,3.2,3.2,100.0,100,False,False,False
10-02-2021,13:29:23,-92.80000000000001,23,22,67,22,22,23,23,23,22,22,38.39,0,3.2,3.2,3.2,2.2,2.2,3.2,3.2,3.2,3.2,3.2,3.2,3.2,3.2,3.2,0,9042247,3.2,3.2,100.0,100,-90.2,23,22,67,22,22,23,23,23,22,22,38.38,0,3.2,3.2,3.2,2.2,2.2,3.2,3.2,3.2,3.2,3.2,3.2,3.2,3.2,3.2,0,8813186,3.2,3.2,100.0,100,False,False,False
10-02-2021,13:29:26,-92.80000000000001,23,22,3,22,22,23,23,23,22,22,38.39,0,3.2,3.2,3.2,2.2,2.2,3.2,3.2,3.2,3.2,3.2,3.2,3.2,3.2,3.2,0,9042524,3.2,3.2,100.0,100,-90.2,23,22,3,22,22,23,23,23,22,22,38.38,0,3.2,3.2,3.2,2.2,2.2,3.2,3.2,3.2,3.2,3.2,3.2,3.2,3.2,3.2,0,8813455,3.2,3.2,100.0,100,False,False,False
10-02-2021,13:29:29,-92.80000000000001,23,22,67,22,22,23,23,23,22,22,38.39,0,3.2,3.2,3.2,2.2,2.2,3.2,3.2,3.2,3.2,3.2,3.2,3.2,3.2,3.2,0,9042801,3.2,3.2,100.0,100,-90.2,23,22,67,22,22,23,23,23,22,22,38.38,0,3.2,3.2,3.2,2.2,2.2,3.2,3.2,3.2,3.2,3.2,3.2,3.2,3.2,3.2,0,8813723,3.2,3.2,100.0,100,False,False,False
10-02-2021,13:29:32,-92.7,23,22,3,22,22,23,23,23,22,22,38.39,0,3.2,3.2,3.2,2.2,2.2,3.2,3.2,3.2,3.2,3.2,3.2,3.2,3.2,3.2,0,9043077,3.2,3.2,100.0,100,-90.30000000000001,23,22,3,22,22,23,23,23,22,22,38.38,0,3.2,3.2,3.2,2.2,2.2,3.2,3.2,3.2,3.2,3.2,3.2,3.2,3.2,3.2,0,8813992,3.2,3.2,100.0,100,False,False,False
10-02-2021,13:29:35,-92.80000000000001,23,22,67,22,22,23,23,23,22,22,38.39,0,3.2,3.2,3.2,2.2,2.2,3.2,3.2,3.2,3.2,3.2,3.2,3.2,3.2,3.2,0,9043354,3.2,3.2,100.0,100,-90.30000000000001,23,22,67,22,22,23,23,23,22,22,38.38,0,3.2,3.2,3.2,2.2,2.2,3.2,3.2,3.2,3.2,3.2,3.2,3.2,3.2,3.2,0,8814261,3.2,3.2,100.0,100,False,False,False
10-02-2021,13:29:38,-92.80000000000001,23,22,3,22,22,23,23,23,22,22,38.39,0,3.2,3.2,3.2,2.2,2.2,3.2,3.2,3.2,3.2,3.2,3.2,3.2,3.2,3.2,0,9043631,3.2,3.2,100.0,100,-90.2,23,22,3,22,22,23,23,23,22,22,38.38,0,3.2,3.2,3.2,2.2,2.2,3.2,3.2,3.2,3.2,3.2,3.2,3.2,3.2,3.2,0,8814529,3.2,3.2,100.0,100,False,False,False
10-02-2021,13:29:41,-92.80000000000001,23,22,67,22,22,23,23,23,22,22,38.39,0,3.2,3.2,3.2,2.2,2.2,3.2,3.2,3.2,3.2,3.2,3.2,3.2,3.2,3.2,0,9043908,3.2,3.2,100.0,100,-90.30000000000001,23,22,67,22,22,23,23,23,22,22,38.38,0,3.2,3.2,3.2,2.2,2.2,3.2,3.2,3.2,3.2,3.2,3.2,3.2,3.2,3.2,0,8814798,3.2,3.2,100.0,100,False,False,False
10-02-2021,13:29:44,-92.80000000000001,23,22,3,22,22,23,23,23,22,22,38.39,0,3.2,3.2,3.2,2.2,2.2,3.2,3.2,3.2,3.2,3.2,3.2,3.2,3.2,3.2,0,9044185,3.2,3.2,100.0,100,-90.30000000000001,23,22,3,22,22,23,23,23,22,22,38.38,0,3.2,3.2,3.2,2.2,2.2,3.2,3.2,3.2,3.2,3.2,3.2,3.2,3.2,3.2,0,8815067,3.2,3.2,100.0,100,False,False,False
10-02-2021,13:29:46,-92.7,23,22,67,22,22,23,23,23,22,22,38.39,0,3.2,3.2,3.2,2.2,2.2,3.2,3.2,3.2,3.2,3.2,3.2,3.2,3.2,3.2,0,9044462,3.2,3.2,100.0,100,-90.2,23,22,67,22,22,23,23,23,22,22,38.38,0,3.2,3.2,3.2,2.2,2.2,3.2,3.2,3.2,3.2,3.2,3.2,3.2,3.2,3.2,0,8815335,3.2,3.2,100.0,100,False,False,False
10-02-2021,13:29:49,-92.9,23,22,3,22,22,23,23,23,22,22,38.39,0,3.2,3.2,3.2,2.2,2.2,3.2,3.2,3.2,3.2,3.2,3.2,3.2,3.2,3.2,0,9044738,3.2,3.2,100.0,100,-90.2,23,22,3,22,22,23,23,23,22,22,38.38,0,3.2,3.2,3.2,2.2,2.2,3.2,3.2,3.2,3.2,3.2,3.2,3.2,3.2,3.2,0,8815604,3.2,3.2,100.0,100,False,False,False
10-02-2021,13:29:52,-92.80000000000001,23,22,67,22,22,23,23,23,22,22,38.39,0,3.2,3.2,3.2,2.2,2.2,3.2,3.2,3.2,3.2,3.2,3.2,3.2,3.2,3.2,0,9045015,3.2,3.2,100.0,100,-90.2,23,22,67,22,22,23,23,23,22,22,38.38,0,3.2,3.2,3.2,2.2,2.2,3.2,3.2,3.2,3.2,3.2,3.2,3.2,3.2,3.2,0,8815872,3.2,3.2,100.0,100,False,False,False
10-02-2021,13:29:55,-92.80000000000001,23,22,3,22,22,23,23,23,22,22,38.39,0,3.2,3.2,3.2,2.2,2.2,3.2,3.2,3.2,3.2,3.2,3.2,3.2,3.2,3.2,0,9045292,3.2,3.2,100.0,100,-90.2,23,22,3,22,22,23,23,23,22,22,38.38,0,3.2,3.2,3.2,2.2,2.2,3.2,3.2,3.2,3.2,3.2,3.2,3.2,3.2,3.2,0,8816141,3.2,3.2,100.0,100,False,False,False
10-02-2021,13:29:58,-92.80000000000001,23,22,67,22,22,23,23,23,22,22,38.39,0,3.2,3.2,3.2,2.2,2.2,3.2,3.2,3.2,3.2,3.2,3.2,3.2,3.2,3.2,0,9045569,3.2,3.2,100.0,100,-90.2,23,22,67,22,22,23,23,23,22,22,38.38,0,3.2,3.2,3.2,2.2,2.2,3.2,3.2,3.2,3.2,3.2,3.2,3.2,3.2,3.2,0,8816409,3.2,3.2,100.0,100,False,False,False
10-02-2021,13:30:01,-92.7,23,22,3,22,22,23,23,23,22,22,38.39,0,3.2,3.2,3.2,2.2,2.2,3.2,3.2,3.2,3.2,3.2,3.2,3.2,3.2,3.2,0,9045846,3.2,3.2,100.0,100,-90.2,23,22,3,22,22,23,23,23,22,22,38.38,0,3.2,3.2,3.2,2.2,2.2,3.2,3.2,3.2,3.2,3.2,3.2,3.2,3.2,3.2,0,8816678,3.2,3.2,100.0,100,False,False,False
10-02-2021,13:30:04,-92.7,23,22,67,22,22,23,23,23,22,22,38.39,0,3.2,3.2,3.2,2.2,2.2,3.2,3.2,3.2,3.2,3.2,3.2,3.2,3.2,3.2,0,9046122,3.2,3.2,100.0,100,-90.2,23,22,67,22,22,23,23,23,22,22,38.38,0,3.2,3.2,3.2,2.2,2.2,3.2,3.2,3.2,3.2,3.2,3.2,3.2,3.2,3.2,0,8816947,3.2,3.2,100.0,100,False,False,False
10-02-2021,13:30:07,-92.7,23,22,3,22,22,23,23,23,22,22,38.39,0,3.2,3.2,3.2,2.2,2.2,3.2,3.2,3.2,3.2,3.2,3.2,3.2,3.2,3.2,0,9046399,3.2,3.2,100.0,100,-90.2,23,22,3,22,22,23,23,23,22,22,38.38,0,3.2,3.2,3.2,2.2,2.2,3.2,3.2,3.2,3.2,3.2,3.2,3.2,3.2,3.2,0,8817215,3.2,3.2,100.0,100,False,False,False
10-02-2021,13:30:10,-92.80000000000001,23,22,67,22,22,23,23,23,22,22,38.39,0,3.2,3.2,3.2,2.2,2.2,3.2,3.2,3.2,3.2,3.2,3.2,3.2,3.2,3.2,0,9046676,3.2,3.2,100.0,100,-90.2,23,22,67,22,22,23,23,23,22,22,38.38,0,3.2,3.2,3.2,2.2,2.2,3.2,3.2,3.2,3.2,3.2,3.2,3.2,3.2,3.2,0,8817484,3.2,3.2,100.0,100,False,False,False
10-02-2021,13:30:13,-92.80000000000001,23,22,3,22,22,23,23,23,22,22,38.39,0,3.2,3.2,3.2,2.2,2.2,3.2,3.2,3.2,3.2,3.2,3.2,3.2,3.2,3.2,0,9046953,3.2,3.2,100.0,100,-90.2,23,22,3,22,22,23,23,23,22,22,38.38,0,3.2,3.2,3.2,2.2,2.2,3.2,3.2,3.2,3.2,3.2,3.2,3.2,3.2,3.2,0,8817753,3.2,3.2,100.0,100,False,False,False
10-02-2021,13:30:16,-92.80000000000001,23,22,67,22,22,23,23,23,22,22,38.39,0,3.2,3.2,3.2,2.2,2.2,3.2,3.2,3.2,3.2,3.2,3.2,3.2,3.2,3.2,0,9047230,3.2,3.2,100.0,100,-90.2,23,22,67,22,22,23,23,23,22,22,38.38,0,3.2,3.2,3.2,2.2,2.2,3.2,3.2,3.2,3.2,3.2,3.2,3.2,3.2,3.2,0,8818021,3.2,3.2,100.0,100,False,False,False
10-02-2021,13:30:19,-92.80000000000001,23,22,3,22,22,23,23,23,22,22,38.39,0,3.2,3.2,3.2,2.2,2.2,3.2,3.2,3.2,3.2,3.2,3.2,3.2,3.2,3.2,0,9047506,3.2,3.2,100.0,100,-90.2,23,22,3,22,22,23,23,23,22,22,38.38,0,3.2,3.2,3.2,2.2,2.2,3.2,3.2,3.2,3.2,3.2,3.2,3.2,3.2,3.2,0,8818289,3.2,3.2,100.0,100,False,False,False
10-02-2021,13:30:22,-92.7,23,22,67,22,22,23,23,23,22,22,38.39,0,3.2,3.2,3.2,2.2,2.2,3.2,3.2,3.2,3.2,3.2,3.2,3.2,3.2,3.2,0,9047783,3.2,3.2,100.0,100,-90.2,23,22,67,22,22,23,23,23,22,22,38.38,0,3.2,3.2,3.2,2.2,2.2,3.2,3.2,3.2,3.2,3.2,3.2,3.2,3.2,3.2,0,8818558,3.2,3.2,100.0,100,False,False,False
10-02-2021,13:30:25,-92.80000000000001,23,22,3,22,22,23,23,23,22,22,38.39,0,3.2,3.2,3.2,2.2,2.2,3.2,3.2,3.2,3.2,3.2,3.2,3.2,3.2,3.2,0,9048060,3.2,3.2,100.0,100,-90.2,23,22,3,22,22,23,23,23,22,22,38.38,0,3.2,3.2,3.2,2.2,2.2,3.2,3.2,3.2,3.2,3.2,3.2,3.2,3.2,3.2,0,8818826,3.2,3.2,100.0,100,False,False,False
10-02-2021,13:30:28,-92.7,23,22,67,22,22,23,23,23,22,22,38.39,0,3.2,3.2,3.2,2.2,2.2,3.2,3.2,3.2,3.2,3.2,3.2,3.2,3.2,3.2,0,9048337,3.2,3.2,100.0,100,-90.2,23,22,67,22,22,23,23,23,22,22,38.38,0,3.2,3.2,3.2,2.2,2.2,3.2,3.2,3.2,3.2,3.2,3.2,3.2,3.2,3.2,0,8819095,3.2,3.2,100.0,100,False,False,False
10-02-2021,13:30:31,-92.80000000000001,23,22,3,22,22,23,23,23,22,22,38.39,0,3.2,3.2,3.2,2.2,2.2,3.2,3.2,3.2,3.2,3.2,3.2,3.2,3.2,3.2,0,9048614,3.2,3.2,100.0,100,-90.2,23,22,3,22,22,23,23,23,22,22,38.38,0,3.2,3.2,3.2,2.2,2.2,3.2,3.2,3.2,3.2,3.2,3.2,3.2,3.2,3.2,0,8819364,3.2,3.2,100.0,100,False,False,False
10-02-2021,13:30:34,-92.80000000000001,23,22,67,22,22,23,23,23,22,22,38.39,0,3.2,3.2,3.2,2.2,2.2,3.2,3.2,3.2,3.2,3.2,3.2,3.2,3.2,3.2,0,9048890,3.2,3.2,100.0,100,-90.2,23,22,67,22,22,23,23,23,22,22,38.38,0,3.2,3.2,3.2,2.2,2.2,3.2,3.2,3.2,3.2,3.2,3.2,3.2,3.2,3.2,0,8819632,3.2,3.2,100.0,100,False,False,False
10-02-2021,13:30:37,-92.80000000000001,23,22,3,22,22,23,23,23,22,22,38.39,0,3.2,3.2,3.2,2.2,2.2,3.2,3.2,3.2,3.2,3.2,3.2,3.2,3.2,3.2,0,9049167,3.2,3.2,100.0,100,-90.2,23,22,3,22,22,23,23,23,22,22,38.38,0,3.2,3.2,3.2,2.2,2.2,3.2,3.2,3.2,3.2,3.2,3.2,3.2,3.2,3.2,0,8819901,3.2,3.2,100.0,100,False,False,False
10-02-2021,13:30:40,-92.80000000000001,23,22,67,22,22,23,23,23,22,22,38.39,0,3.2,3.2,3.2,2.2,2.2,3.2,3.2,3.2,3.2,3.2,3.2,3.2,3.2,3.2,0,9049352,3.2,3.2,100.0,100,-90.2,23,22,67,22,22,23,23,23,22,22,38.38,0,3.2,3.2,3.2,2.2,2.2,3.2,3.2,3.2,3.2,3.2,3.2,3.2,3.2,3.2,0,8820169,3.2,3.2,100.0,100,False,False,False
10-02-2021,13:30:43,-92.80000000000001,23,22,3,22,22,23,23,23,22,22,38.39,0,3.2,3.2,3.2,2.2,2.2,3.2,3.2,3.2,3.2,3.2,3.2,3.2,3.2,3.2,0,9049721,3.2,3.2,100.0,100,-90.2,23,22,3,22,22,23,23,23,22,22,38.38,0,3.2,3.2,3.2,2.2,2.2,3.2,3.2,3.2,3.2,3.2,3.2,3.2,3.2,3.2,0,8820437,3.2,3.2,100.0,100,False,False,False
10-02-2021,13:30:46,-92.7,23,22,67,22,22,23,23,23,22,22,38.39,0,3.2,3.2,3.2,2.2,2.2,3.2,3.2,3.2,3.2,3.2,3.2,3.2,3.2,3.2,0,9049997,3.2,3.2,100.0,100,-90.2,23,22,67,22,22,23,23,23,22,22,38.38,0,3.2,3.2,3.2,2.2,2.2,3.2,3.2,3.2,3.2,3.2,3.2,3.2,3.2,3.2,0,8820706,3.2,3.2,100.0,100,False,False,False
10-02-2021,13:30:49,-92.80000000000001,23,22,3,22,22,23,23,23,22,22,38.39,0,3.2,3.2,3.2,2.2,2.2,3.2,3.2,3.2,3.2,3.2,3.2,3.2,3.2,3.2,0,9050275,3.2,3.2,100.0,100,-90.2,23,22,3,22,22,23,23,23,22,22,38.38,0,3.2,3.2,3.2,2.2,2.2,3.2,3.2,3.2,3.2,3.2,3.2,3.2,3.2,3.2,0,8820975,3.2,3.2,100.0,100,False,False,False
10-02-2021,13:30:52,-92.7,23,22,67,22,22,23,23,23,22,22,38.39,0,3.2,3.2,3.2,2.2,2.2,3.2,3.2,3.2,3.2,3.2,3.2,3.2,3.2,3.2,0,9050459,3.2,3.2,100.0,100,-90.2,23,22,67,22,22,23,23,23,22,22,38.38,0,3.2,3.2,3.2,2.2,2.2,3.2,3.2,3.2,3.2,3.2,3.2,3.2,3.2,3.2,0,8821243,3.2,3.2,100.0,100,False,False,False
10-02-2021,13:30:55,-92.7,23,22,3,22,22,23,23,23,22,22,38.39,0,3.2,3.2,3.2,2.2,2.2,3.2,3.2,3.2,3.2,3.2,3.2,3.2,3.2,3.2,0,9050828,3.2,3.2,100.0,100,-90.2,23,22,3,22,22,23,23,23,22,22,38.38,0,3.2,3.2,3.2,2.2,2.2,3.2,3.2,3.2,3.2,3.2,3.2,3.2,3.2,3.2,0,8821512,3.2,3.2,100.0,100,False,False,False
10-02-2021,13:30:58,-92.80000000000001,23,22,67,22,22,23,23,23,22,22,38.39,0,3.2,3.2,3.2,2.2,2.2,3.2,3.2,3.2,3.2,3.2,3.2,3.2,3.2,3.2,0,9051105,3.2,3.2,100.0,100,-90.2,23,22,67,22,22,23,23,23,22,22,38.38,0,3.2,3.2,3.2,2.2,2.2,3.2,3.2,3.2,3.2,3.2,3.2,3.2,3.2,3.2,0,8821781,3.2,3.2,100.0,100,False,False,False
10-02-2021,13:31:01,-92.7,23,22,3,22,22,23,23,23,22,22,38.39,0,3.2,3.2,3.2,2.2,2.2,3.2,3.2,3.2,3.2,3.2,3.2,3.2,3.2,3.2,0,9051381,3.2,3.2,100.0,100,-90.2,23,22,3,22,22,23,23,23,22,22,38.38,0,3.2,3.2,3.2,2.2,2.2,3.2,3.2,3.2,3.2,3.2,3.2,3.2,3.2,3.2,0,8822049,3.2,3.2,100.0,100,False,False,False
10-02-2021,13:31:04,-92.80000000000001,23,22,67,22,22,23,23,23,22,22,38.39,0,3.2,3.2,3.2,2.2,2.2,3.2,3.2,3.2,3.2,3.2,3.2,3.2,3.2,3.2,0,9051658,3.2,3.2,100.0,100,-90.30000000000001,23,22,67,22,22,23,23,23,22,22,38.38,0,3.2,3.2,3.2,2.2,2.2,3.2,3.2,3.2,3.2,3.2,3.2,3.2,3.2,3.2,0,8822318,3.2,3.2,100.0,100,False,False,False
10-02-2021,13:31:07,-92.80000000000001,23,22,3,22,22,23,23,23,22,22,38.39,0,3.2,3.2,3.2,2.2,2.2,3.2,3.2,3.2,3.2,3.2,3.2,3.2,3.2,3.2,0,9051935,3.2,3.2,100.0,100,-90.2,23,22,3,22,22,23,23,23,22,22,38.38,0,3.2,3.2,3.2,2.2,2.2,3.2,3.2,3.2,3.2,3.2,3.2,3.2,3.2,3.2,0,8822587,3.2,3.2,100.0,100,False,False,False
10-02-2021,13:31:10,-92.80000000000001,23,22,67,22,22,23,23,23,22,22,38.39,0,3.2,3.2,3.2,2.2,2.2,3.2,3.2,3.2,3.2,3.2,3.2,3.2,3.2,3.2,0,9052120,3.2,3.2,100.0,100,-90.30000000000001,23,22,67,22,22,23,23,23,22,22,38.38,0,3.2,3.2,3.2,2.2,2.2,3.2,3.2,3.2,3.2,3.2,3.2,3.2,3.2,3.2,0,8822855,3.2,3.2,100.0,100,False,False,False
10-02-2021,13:31:13,-92.80000000000001,23,22,3,22,22,23,23,23,22,22,38.39,0,3.2,3.2,3.2,2.2,2.2,3.2,3.2,3.2,3.2,3.2,3.2,3.2,3.2,3.2,0,9052489,3.2,3.2,100.0,100,-90.2,23,22,3,22,22,23,23,23,22,22,38.38,0,3.2,3.2,3.2,2.2,2.2,3.2,3.2,3.2,3.2,3.2,3.2,3.2,3.2,3.2,0,8823123,3.2,3.2,100.0,100,False,False,False
10-02-2021,13:31:16,-92.7,23,22,67,22,22,23,23,23,22,22,38.39,0,3.2,3.2,3.2,2.2,2.2,3.2,3.2,3.2,3.2,3.2,3.2,3.2,3.2,3.2,0,9052765,3.2,3.2,100.0,100,-90.30000000000001,23,22,67,22,22,23,23,23,22,22,38.38,0,3.2,3.2,3.2,2.2,2.2,3.2,3.2,3.2,3.2,3.2,3.2,3.2,3.2,3.2,0,8823392,3.2,3.2,100.0,100,False,False,False
10-02-2021,13:31:19,-92.80000000000001,23,22,3,22,22,23,23,23,22,22,38.39,0,3.2,3.2,3.2,2.2,2.2,3.2,3.2,3.2,3.2,3.2,3.2,3.2,3.2,3.2,0,9053042,3.2,3.2,100.0,100,-90.2,23,22,3,22,22,23,23,23,22,22,38.38,0,3.2,3.2,3.2,2.2,2.2,3.2,3.2,3.2,3.2,3.2,3.2,3.2,3.2,3.2,0,8823660,3.2,3.2,100.0,100,False,False,False
10-02-2021,13:31:22,-92.80000000000001,23,22,67,22,22,23,23,23,22,22,38.39,0,3.2,3.2,3.2,2.2,2.2,3.2,3.2,3.2,3.2,3.2,3.2,3.2,3.2,3.2,0,9053319,3.2,3.2,100.0,100,-90.2,23,22,67,22,22,23,23,23,22,22,38.38,0,3.2,3.2,3.2,2.2,2.2,3.2,3.2,3.2,3.2,3.2,3.2,3.2,3.2,3.2,0,8823929,3.2,3.2,100.0,100,False,False,False
10-02-2021,13:31:25,-92.80000000000001,23,22,3,22,22,23,23,23,22,22,38.39,0,3.2,3.2,3.2,2.2,2.2,3.2,3.2,3.2,3.2,3.2,3.2,3.2,3.2,3.2,0,9053595,3.2,3.2,100.0,100,-90.30000000000001,23,22,3,22,22,23,23,23,22,22,38.38,0,3.2,3.2,3.2,2.2,2.2,3.2,3.2,3.2,3.2,3.2,3.2,3.2,3.2,3.2,0,8824198,3.2,3.2,100.0,100,False,False,False
10-02-2021,13:31:28,-92.80000000000001,23,22,67,22,22,23,23,23,22,22,38.39,0,3.2,3.2,3.2,2.2,2.2,3.2,3.2,3.2,3.2,3.2,3.2,3.2,3.2,3.2,0,9053872,3.2,3.2,100.0,100,-90.2,23,22,67,22,22,23,23,23,22,22,38.38,0,3.2,3.2,3.2,2.2,2.2,3.2,3.2,3.2,3.2,3.2,3.2,3.2,3.2,3.2,0,8824466,3.2,3.2,100.0,100,False,False,False
10-02-2021,13:31:31,-92.80000000000001,23,22,3,22,22,23,23,23,22,22,38.39,0,3.2,3.2,3.2,2.2,2.2,3.2,3.2,3.2,3.2,3.2,3.2,3.2,3.2,3.2,0,9054149,3.2,3.2,100.0,100,-90.30000000000001,23,22,3,22,22,23,23,23,22,22,38.38,0,3.2,3.2,3.2,2.2,2.2,3.2,3.2,3.2,3.2,3.2,3.2,3.2,3.2,3.2,0,8824735,3.2,3.2,100.0,100,False,False,False
10-02-2021,13:31:34,-92.80000000000001,23,22,67,22,22,23,23,23,22,22,38.39,0,3.2,3.2,3.2,2.2,2.2,3.2,3.2,3.2,3.2,3.2,3.2,3.2,3.2,3.2,0,9054426,3.2,3.2,100.0,100,-90.2,23,22,67,22,22,23,23,23,22,22,38.38,0,3.2,3.2,3.2,2.2,2.2,3.2,3.2,3.2,3.2,3.2,3.2,3.2,3.2,3.2,0,8825003,3.2,3.2,100.0,100,False,False,False
10-02-2021,13:31:37,-92.80000000000001,23,22,3,22,22,23,23,23,22,22,38.39,0,3.2,3.2,3.2,2.2,2.2,3.2,3.2,3.2,3.2,3.2,3.2,3.2,3.2,3.2,0,9054703,3.2,3.2,100.0,100,-90.2,23,22,3,22,22,23,23,23,22,22,38.38,0,3.2,3.2,3.2,2.2,2.2,3.2,3.2,3.2,3.2,3.2,3.2,3.2,3.2,3.2,0,8825272,3.2,3.2,100.0,100,False,False,False
10-02-2021,13:31:40,-92.80000000000001,23,22,67,22,22,23,23,23,22,22,38.39,0,3.2,3.2,3.2,2.2,2.2,3.2,3.2,3.2,3.2,3.2,3.2,3.2,3.2,3.2,0,9054888,3.2,3.2,100.0,100,-90.2,23,22,67,22,22,23,23,23,22,22,38.38,0,3.2,3.2,3.2,2.2,2.2,3.2,3.2,3.2,3.2,3.2,3.2,3.2,3.2,3.2,0,8825540,3.2,3.2,100.0,100,False,False,False
10-02-2021,13:31:43,-92.80000000000001,23,22,3,22,22,23,23,23,22,22,38.39,0,3.2,3.2,3.2,2.2,2.2,3.2,3.2,3.2,3.2,3.2,3.2,3.2,3.2,3.2,0,9055164,3.2,3.2,100.0,100,-90.30000000000001,23,22,3,22,22,23,23,23,22,22,38.38,0,3.2,3.2,3.2,2.2,2.2,3.2,3.2,3.2,3.2,3.2,3.2,3.2,3.2,3.2,0,8825809,3.2,3.2,100.0,100,False,False,False
10-02-2021,13:31:46,-92.7,23,22,67,22,22,23,23,23,22,22,38.39,0,3.2,3.2,3.2,2.2,2.2,3.2,3.2,3.2,3.2,3.2,3.2,3.2,3.2,3.2,0,9055533,3.2,3.2,100.0,100,-90.30000000000001,23,22,67,22,22,23,23,23,22,22,38.38,0,3.2,3.2,3.2,2.2,2.2,3.2,3.2,3.2,3.2,3.2,3.2,3.2,3.2,3.2,0,8826078,3.2,3.2,100.0,100,False,False,False
10-02-2021,13:31:49,-92.80000000000001,23,22,3,22,22,23,23,23,22,22,38.39,0,3.2,3.2,3.2,2.2,2.2,3.2,3.2,3.2,3.2,3.2,3.2,3.2,3.2,3.2,0,9055809,3.2,3.2,100.0,100,-90.30000000000001,23,22,3,22,22,23,23,23,22,22,38.38,0,3.2,3.2,3.2,2.2,2.2,3.2,3.2,3.2,3.2,3.2,3.2,3.2,3.2,3.2,0,8826346,3.2,3.2,100.0,100,False,False,False
10-02-2021,13:31:52,-92.80000000000001,23,22,67,22,22,23,23,23,22,22,38.39,0,3.2,3.2,3.2,2.2,2.2,3.2,3.2,3.2,3.2,3.2,3.2,3.2,3.2,3.2,0,9056086,3.2,3.2,100.0,100,-90.2,23,22,67,22,22,23,23,23,22,22,38.38,0,3.2,3.2,3.2,2.2,2.2,3.2,3.2,3.2,3.2,3.2,3.2,3.2,3.2,3.2,0,8826615,3.2,3.2,100.0,100,False,False,False
10-02-2021,13:31:55,-92.80000000000001,23,22,3,22,22,23,23,23,22,22,38.39,0,3.2,3.2,3.2,2.2,2.2,3.2,3.2,3.2,3.2,3.2,3.2,3.2,3.2,3.2,0,9056363,3.2,3.2,100.0,100,-90.2,23,22,3,22,22,23,23,23,22,22,38.38,0,3.2,3.2,3.2,2.2,2.2,3.2,3.2,3.2,3.2,3.2,3.2,3.2,3.2,3.2,0,8826884,3.2,3.2,100.0,100,False,False,False
10-02-2021,13:31:58,-92.80000000000001,23,22,67,22,22,23,23,23,22,22,38.39,0,3.2,3.2,3.2,2.2,2.2,3.2,3.2,3.2,3.2,3.2,3.2,3.2,3.2,3.2,0,9056639,3.2,3.2,100.0,100,-90.2,23,22,67,22,22,23,23,23,22,22,38.38,0,3.2,3.2,3.2,2.2,2.2,3.2,3.2,3.2,3.2,3.2,3.2,3.2,3.2,3.2,0,8827153,3.2,3.2,100.0,100,False,False,False
10-02-2021,13:32:01,-92.80000000000001,23,22,3,22,22,23,23,23,22,22,38.39,0,3.2,3.2,3.2,2.2,2.2,3.2,3.2,3.2,3.2,3.2,3.2,3.2,3.2,3.2,0,9056915,3.2,3.2,100.0,100,-90.2,23,22,3,22,22,23,23,23,22,22,38.38,0,3.2,3.2,3.2,2.2,2.2,3.2,3.2,3.2,3.2,3.2,3.2,3.2,3.2,3.2,0,8827421,3.2,3.2,100.0,100,False,False,False
10-02-2021,13:32:04,-92.7,23,22,67,22,22,23,23,23,22,22,38.39,0,3.2,3.2,3.2,2.2,2.2,3.2,3.2,3.2,3.2,3.2,3.2,3.2,3.2,3.2,0,9057100,3.2,3.2,100.0,100,-90.2,23,22,67,22,22,23,23,23,22,22,38.38,0,3.2,3.2,3.2,2.2,2.2,3.2,3.2,3.2,3.2,3.2,3.2,3.2,3.2,3.2,0,8827690,3.2,3.2,100.0,100,False,False,False
10-02-2021,13:32:07,-92.7,23,22,3,22,22,23,23,23,22,22,38.39,0,3.2,3.2,3.2,2.2,2.2,3.2,3.2,3.2,3.2,3.2,3.2,3.2,3.2,3.2,0,9057376,3.2,3.2,100.0,100,-90.2,23,22,3,22,22,23,23,23,22,22,38.38,0,3.2,3.2,3.2,2.2,2.2,3.2,3.2,3.2,3.2,3.2,3.2,3.2,3.2,3.2,0,8827958,3.2,3.2,100.0,100,False,False,False
10-02-2021,13:32:10,-92.80000000000001,23,22,67,22,22,23,23,23,22,22,38.39,0,3.2,3.2,3.2,2.2,2.2,3.2,3.2,3.2,3.2,3.2,3.2,3.2,3.2,3.2,0,9057653,3.2,3.2,100.0,100,-90.2,23,22,67,22,22,23,23,23,22,22,38.38,0,3.2,3.2,3.2,2.2,2.2,3.2,3.2,3.2,3.2,3.2,3.2,3.2,3.2,3.2,0,8828227,3.2,3.2,100.0,100,False,False,False
10-02-2021,13:32:13,-92.80000000000001,23,22,3,22,22,23,23,23,22,22,38.39,0,3.2,3.2,3.2,2.2,2.2,3.2,3.2,3.2,3.2,3.2,3.2,3.2,3.2,3.2,0,9057929,3.2,3.2,100.0,100,-90.30000000000001,23,22,3,22,22,23,23,23,22,22,38.38,0,3.2,3.2,3.2,2.2,2.2,3.2,3.2,3.2,3.2,3.2,3.2,3.2,3.2,3.2,0,8828496,3.2,3.2,100.0,100,False,False,False
10-02-2021,13:32:16,-92.80000000000001,23,22,67,22,22,23,23,23,22,22,38.39,0,3.2,3.2,3.2,2.2,2.2,3.2,3.2,3.2,3.2,3.2,3.2,3.2,3.2,3.2,0,9058205,3.2,3.2,100.0,100,-90.2,23,22,67,22,22,23,23,23,22,22,38.38,0,3.2,3.2,3.2,2.2,2.2,3.2,3.2,3.2,3.2,3.2,3.2,3.2,3.2,3.2,0,8828764,3.2,3.2,100.0,100,False,False,False
10-02-2021,13:32:19,-92.7,23,22,3,22,22,23,23,23,22,22,38.39,0,3.2,3.2,3.2,2.2,2.2,3.2,3.2,3.2,3.2,3.2,3.2,3.2,3.2,3.2,0,9058482,3.2,3.2,100.0,100,-90.2,23,22,3,22,22,23,23,23,22,22,38.38,0,3.2,3.2,3.2,2.2,2.2,3.2,3.2,3.2,3.2,3.2,3.2,3.2,3.2,3.2,0,8829033,3.2,3.2,100.0,100,False,False,False
10-02-2021,13:32:22,-92.80000000000001,23,22,67,22,22,23,23,23,22,22,38.39,0,3.2,3.2,3.2,2.2,2.2,3.2,3.2,3.2,3.2,3.2,3.2,3.2,3.2,3.2,0,9058758,3.2,3.2,100.0,100,-90.2,23,22,67,22,22,23,23,23,22,22,38.38,0,3.2,3.2,3.2,2.2,2.2,3.2,3.2,3.2,3.2,3.2,3.2,3.2,3.2,3.2,0,8829302,3.2,3.2,100.0,100,False,False,False
10-02-2021,13:32:24,-92.7,23,22,3,22,22,23,23,23,22,22,38.39,0,3.2,3.2,3.2,2.2,2.2,3.2,3.2,3.2,3.2,3.2,3.2,3.2,3.2,3.2,0,9059035,3.2,3.2,100.0,100,-90.2,23,22,3,22,22,23,23,23,22,22,38.38,0,3.2,3.2,3.2,2.2,2.2,3.2,3.2,3.2,3.2,3.2,3.2,3.2,3.2,3.2,0,8829570,3.2,3.2,100.0,100,False,False,False
10-02-2021,13:32:27,-92.7,23,22,67,22,22,23,23,23,22,22,38.39,0,3.2,3.2,3.2,2.2,2.2,3.2,3.2,3.2,3.2,3.2,3.2,3.2,3.2,3.2,0,9059311,3.2,3.2,100.0,100,-90.2,23,22,67,22,22,23,23,23,22,22,38.38,0,3.2,3.2,3.2,2.2,2.2,3.2,3.2,3.2,3.2,3.2,3.2,3.2,3.2,3.2,0,8829839,3.2,3.2,100.0,100,False,False,False
10-02-2021,13:32:30,-92.80000000000001,23,22,3,22,22,23,23,23,22,22,38.39,0,3.2,3.2,3.2,2.2,2.2,3.2,3.2,3.2,3.2,3.2,3.2,3.2,3.2,3.2,0,9059587,3.2,3.2,100.0,100,-90.2,23,22,3,22,22,23,23,23,22,22,38.38,0,3.2,3.2,3.2,2.2,2.2,3.2,3.2,3.2,3.2,3.2,3.2,3.2,3.2,3.2,0,8830108,3.2,3.2,100.0,100,False,False,False
10-02-2021,13:32:33,-92.80000000000001,23,22,67,22,22,23,23,23,22,22,38.39,0,3.2,3.2,3.2,2.2,2.2,3.2,3.2,3.2,3.2,3.2,3.2,3.2,3.2,3.2,0,9059864,3.2,3.2,100.0,100,-90.2,23,22,67,22,22,23,23,23,22,22,38.38,0,3.2,3.2,3.2,2.2,2.2,3.2,3.2,3.2,3.2,3.2,3.2,3.2,3.2,3.2,0,8830287,3.2,3.2,100.0,100,False,False,False
10-02-2021,13:32:35,-92.80000000000001,23,22,3,22,22,23,23,23,22,22,38.39,0,3.2,3.2,3.2,2.2,2.2,3.2,3.2,3.2,3.2,3.2,3.2,3.2,3.2,3.2,0,9060047,3.2,3.2,100.0,100,-90.30000000000001,23,22,3,22,22,23,23,23,22,22,38.38,0,3.2,3.2,3.2,2.2,2.2,3.2,3.2,3.2,3.2,3.2,3.2,3.2,3.2,3.2,0,8830555,3.2,3.2,100.0,100,False,False,False
10-02-2021,13:32:38,-92.80000000000001,23,22,67,22,22,23,23,23,22,22,38.39,0,3.2,3.2,3.2,2.2,2.2,3.2,3.2,3.2,3.2,3.2,3.2,3.2,3.2,3.2,0,9060324,3.2,3.2,100.0,100,-90.30000000000001,23,22,67,22,22,23,23,23,22,22,38.38,0,3.2,3.2,3.2,2.2,2.2,3.2,3.2,3.2,3.2,3.2,3.2,3.2,3.2,3.2,0,8830824,3.2,3.2,100.0,100,False,False,False
10-02-2021,13:32:41,-92.80000000000001,23,22,3,22,22,23,23,23,22,22,38.39,0,3.2,3.2,3.2,2.2,2.2,3.2,3.2,3.2,3.2,3.2,3.2,3.2,3.2,3.2,0,9060600,3.2,3.2,100.0,100,-90.30000000000001,23,22,3,22,22,23,23,23,22,22,38.38,0,3.2,3.2,3.2,2.2,2.2,3.2,3.2,3.2,3.2,3.2,3.2,3.2,3.2,3.2,0,8831092,3.2,3.2,100.0,100,False,False,False
10-02-2021,13:32:44,-92.7,23,22,67,22,22,23,23,23,22,22,38.39,0,3.2,3.2,3.2,2.2,2.2,3.2,3.2,3.2,3.2,3.2,3.2,3.2,3.2,3.2,0,9060876,3.2,3.2,100.0,100,-90.30000000000001,23,22,67,22,22,23,23,23,22,22,38.38,0,3.2,3.2,3.2,2.2,2.2,3.2,3.2,3.2,3.2,3.2,3.2,3.2,3.2,3.2,0,8831272,3.2,3.2,100.0,100,False,False,False
10-02-2021,13:32:46,-92.7,23,22,3,22,22,23,23,23,22,22,38.39,0,3.2,3.2,3.2,2.2,2.2,3.2,3.2,3.2,3.2,3.2,3.2,3.2,3.2,3.2,0,9061061,3.2,3.2,100.0,100,-90.2,23,22,3,22,22,23,23,23,22,22,38.38,0,3.2,3.2,3.2,2.2,2.2,3.2,3.2,3.2,3.2,3.2,3.2,3.2,3.2,3.2,0,8831540,3.2,3.2,100.0,100,False,False,False
10-02-2021,13:32:49,-92.7,23,22,67,22,22,23,23,23,22,22,38.39,0,3.2,3.2,3.2,2.2,2.2,3.2,3.2,3.2,3.2,3.2,3.2,3.2,3.2,3.2,0,9061337,3.2,3.2,100.0,100,-90.2,23,22,67,22,22,23,23,23,22,22,38.38,0,3.2,3.2,3.2,2.2,2.2,3.2,3.2,3.2,3.2,3.2,3.2,3.2,3.2,3.2,0,8831809,3.2,3.2,100.0,100,False,False,False
10-02-2021,13:32:52,-92.7,23,22,3,22,22,23,23,23,22,22,38.39,0,3.2,3.2,3.2,2.2,2.2,3.2,3.2,3.2,3.2,3.2,3.2,3.2,3.2,3.2,0,9061613,3.2,3.2,100.0,100,-90.10000000000001,23,22,3,22,22,23,23,23,22,22,38.38,0,3.2,3.2,3.2,2.2,2.2,3.2,3.2,3.2,3.2,3.2,3.2,3.2,3.2,3.2,0,8832077,3.2,3.2,100.0,100,False,False,False
10-02-2021,13:32:55,-92.7,23,22,67,22,22,23,23,23,22,22,38.39,0,3.2,3.2,3.2,2.2,2.2,3.2,3.2,3.2,3.2,3.2,3.2,3.2,3.2,3.2,0,9061890,3.2,3.2,100.0,100,-90.30000000000001,23,22,67,22,22,23,23,23,22,22,38.38,0,3.2,3.2,3.2,2.2,2.2,3.2,3.2,3.2,3.2,3.2,3.2,3.2,3.2,3.2,0,8832256,3.2,3.2,100.0,100,False,False,False
10-02-2021,13:32:57,-92.7,23,22,3,22,22,23,23,23,22,22,38.39,0,3.2,3.2,3.2,2.2,2.2,3.2,3.2,3.2,3.2,3.2,3.2,3.2,3.2,3.2,0,9062166,3.2,3.2,100.0,100,-90.2,23,22,3,22,22,23,23,23,22,22,38.38,0,3.2,3.2,3.2,2.2,2.2,3.2,3.2,3.2,3.2,3.2,3.2,3.2,3.2,3.2,0,8832525,3.2,3.2,100.0,100,False,False,False
10-02-2021,13:33:00,-92.7,23,22,67,22,22,23,23,23,22,22,38.39,0,3.2,3.2,3.2,2.2,2.2,3.2,3.2,3.2,3.2,3.2,3.2,3.2,3.2,3.2,0,9062350,3.2,3.2,100.0,100,-90.30000000000001,23,22,67,22,22,23,23,23,22,22,38.38,0,3.2,3.2,3.2,2.2,2.2,3.2,3.2,3.2,3.2,3.2,3.2,3.2,3.2,3.2,0,8832794,3.2,3.2,100.0,100,False,False,False
10-02-2021,13:33:03,-92.7,23,22,3,22,22,23,23,23,22,22,38.39,0,3.2,3.2,3.2,2.2,2.2,3.2,3.2,3.2,3.2,3.2,3.2,3.2,3.2,3.2,0,9062626,3.2,3.2,100.0,100,-90.2,23,22,3,22,22,23,23,23,22,22,38.38,0,3.2,3.2,3.2,2.2,2.2,3.2,3.2,3.2,3.2,3.2,3.2,3.2,3.2,3.2,0,8833062,3.2,3.2,100.0,100,False,False,False
10-02-2021,13:33:06,-92.7,23,22,67,22,22,23,23,23,22,22,38.39,0,3.2,3.2,3.2,2.2,2.2,3.2,3.2,3.2,3.2,3.2,3.2,3.2,3.2,3.2,0,9062902,3.2,3.2,100.0,100,-90.10000000000001,23,22,67,22,22,23,23,23,22,22,38.38,0,3.2,3.2,3.2,2.2,2.2,3.2,3.2,3.2,3.2,3.2,3.2,3.2,3.2,3.2,0,8833241,3.2,3.2,100.0,100,False,False,False
10-02-2021,13:33:08,-92.7,23,22,3,22,22,23,23,23,22,22,38.39,0,3.2,3.2,3.2,2.2,2.2,3.2,3.2,3.2,3.2,3.2,3.2,3.2,3.2,3.2,0,9063086,3.2,3.2,100.0,100,-90.2,23,22,3,22,22,23,23,23,22,22,38.38,0,3.2,3.2,3.2,2.2,2.2,3.2,3.2,3.2,3.2,3.2,3.2,3.2,3.2,3.2,0,8833510,3.2,3.2,100.0,100,False,False,False
10-02-2021,13:33:11,-92.7,23,22,67,22,22,23,23,23,22,22,38.39,0,3.2,3.2,3.2,2.2,2.2,3.2,3.2,3.2,3.2,3.2,3.2,3.2,3.2,3.2,0,9063363,3.2,3.2,100.0,100,-90.2,23,22,67,22,22,23,23,23,22,22,38.38,0,3.2,3.2,3.2,2.2,2.2,3.2,3.2,3.2,3.2,3.2,3.2,3.2,3.2,3.2,0,8833778,3.2,3.2,100.0,100,False,False,False
10-02-2021,13:33:14,-92.7,23,22,3,22,22,23,23,23,22,22,38.39,0,3.2,3.2,3.2,2.2,2.2,3.2,3.2,3.2,3.2,3.2,3.2,3.2,3.2,3.2,0,9063639,3.2,3.2,100.0,100,-90.2,23,22,3,22,22,23,23,23,22,22,38.38,0,3.2,3.2,3.2,2.2,2.2,3.2,3.2,3.2,3.2,3.2,3.2,3.2,3.2,3.2,0,8834047,3.2,3.2,100.0,100,False,False,False
10-02-2021,13:33:16,-92.7,23,22,67,22,22,23,23,23,22,22,38.38,0,3.2,3.2,3.2,2.2,2.2,3.2,3.2,3.2,3.2,3.2,3.2,3.2,3.2,3.2,0,9063915,3.2,3.2,100.0,100,-90.2,23,22,67,22,22,23,23,23,22,22,38.38,0,3.2,3.2,3.2,2.2,2.2,3.2,3.2,3.2,3.2,3.2,3.2,3.2,3.2,3.2,0,8834225,3.2,3.2,100.0,100,False,False,False
10-02-2021,13:33:19,-92.7,23,22,3,22,22,23,23,23,22,22,38.39,0,3.2,3.2,3.2,2.2,2.2,3.2,3.2,3.2,3.2,3.2,3.2,3.2,3.2,3.2,0,9064100,3.2,3.2,100.0,100,-90.2,23,22,3,22,22,23,23,23,22,22,38.38,0,3.2,3.2,3.2,2.2,2.2,3.2,3.2,3.2,3.2,3.2,3.2,3.2,3.2,3.2,0,8834494,3.2,3.2,100.0,100,False,False,False
10-02-2021,13:33:22,-92.7,23,22,67,22,22,23,23,23,22,22,38.39,0,3.2,3.2,3.2,2.2,2.2,3.2,3.2,3.2,3.2,3.2,3.2,3.2,3.2,3.2,0,9064376,3.2,3.2,100.0,100,-90.2,23,22,67,22,22,23,23,23,22,22,38.38,0,3.2,3.2,3.2,2.2,2.2,3.2,3.2,3.2,3.2,3.2,3.2,3.2,3.2,3.2,0,8834763,3.2,3.2,100.0,100,False,False,False
10-02-2021,13:33:25,-92.7,23,22,3,22,22,23,23,23,22,22,38.39,0,3.2,3.2,3.2,2.2,2.2,3.2,3.2,3.2,3.2,3.2,3.2,3.2,3.2,3.2,0,9064651,3.2,3.2,100.0,100,-90.2,23,22,3,22,22,23,23,23,22,22,38.38,0,3.2,3.2,3.2,2.2,2.2,3.2,3.2,3.2,3.2,3.2,3.2,3.2,3.2,3.2,0,8835031,3.2,3.2,100.0,100,False,False,False
10-02-2021,13:33:27,-92.7,23,22,67,22,22,23,23,23,22,22,38.38,0,3.2,3.2,3.2,2.2,2.2,3.2,3.2,3.2,3.2,3.2,3.2,3.2,3.2,3.2,0,9064927,3.2,3.2,100.0,100,-90.2,23,22,67,22,22,23,23,23,22,22,38.38,0,3.2,3.2,3.2,2.2,2.2,3.2,3.2,3.2,3.2,3.2,3.2,3.2,3.2,3.2,0,8835210,3.2,3.2,100.0,100,False,False,False
10-02-2021,13:33:30,-92.7,23,22,3,22,22,23,23,23,22,22,38.39,0,3.2,3.2,3.2,2.2,2.2,3.2,3.2,3.2,3.2,3.2,3.2,3.2,3.2,3.2,0,9065111,3.2,3.2,100.0,100,-90.2,23,22,3,22,22,23,23,23,22,22,38.38,0,3.2,3.2,3.2,2.2,2.2,3.2,3.2,3.2,3.2,3.2,3.2,3.2,3.2,3.2,0,8835478,3.2,3.2,100.0,100,False,False,False
10-02-2021,13:33:33,-92.7,23,22,67,22,22,23,23,23,22,22,38.39,0,3.2,3.2,3.2,2.2,2.2,3.2,3.2,3.2,3.2,3.2,3.2,3.2,3.2,3.2,0,9065388,3.2,3.2,100.0,100,-90.2,23,22,67,22,22,23,23,23,22,22,38.38,0,3.2,3.2,3.2,2.2,2.2,3.2,3.2,3.2,3.2,3.2,3.2,3.2,3.2,3.2,0,8835747,3.2,3.2,100.0,100,False,False,False
10-02-2021,13:33:36,-92.7,23,22,3,22,22,23,23,23,22,22,38.39,0,3.2,3.2,3.2,2.2,2.2,3.2,3.2,3.2,3.2,3.2,3.2,3.2,3.2,3.2,0,9065664,3.2,3.2,100.0,100,-90.2,23,22,3,22,22,23,23,23,22,22,38.38,0,3.2,3.2,3.2,2.2,2.2,3.2,3.2,3.2,3.2,3.2,3.2,3.2,3.2,3.2,0,8836016,3.2,3.2,100.0,100,False,False,False
10-02-2021,13:33:38,-92.7,23,22,67,22,22,23,23,23,22,22,38.39,0,3.2,3.2,3.2,2.2,2.2,3.2,3.2,3.2,3.2,3.2,3.2,3.2,3.2,3.2,0,9065940,3.2,3.2,100.0,100,-90.2,23,22,67,22,22,23,23,23,22,22,38.38,0,3.2,3.2,3.2,2.2,2.2,3.2,3.2,3.2,3.2,3.2,3.2,3.2,3.2,3.2,0,8836195,3.2,3.2,100.0,100,False,False,False
10-02-2021,13:33:41,-92.7,23,22,3,22,22,23,23,23,22,22,38.39,0,3.2,3.2,3.2,2.2,2.2,3.2,3.2,3.2,3.2,3.2,3.2,3.2,3.2,3.2,0,9066217,3.2,3.2,100.0,100,-90.2,23,22,3,22,22,23,23,23,22,22,38.38,0,3.2,3.2,3.2,2.2,2.2,3.2,3.2,3.2,3.2,3.2,3.2,3.2,3.2,3.2,0,8836463,3.2,3.2,100.0,100,False,False,False
10-02-2021,13:33:44,-92.80000000000001,23,22,67,22,22,23,23,23,22,22,38.39,0,3.2,3.2,3.2,2.2,2.2,3.2,3.2,3.2,3.2,3.2,3.2,3.2,3.2,3.2,0,9066401,3.2,3.2,100.0,100,-90.2,23,22,67,22,22,23,23,23,22,22,38.38,0,3.2,3.2,3.2,2.2,2.2,3.2,3.2,3.2,3.2,3.2,3.2,3.2,3.2,3.2,0,8836732,3.2,3.2,100.0,100,False,False,False
10-02-2021,13:33:46,-92.7,23,22,3,22,22,23,23,23,22,22,38.39,0,3.2,3.2,3.2,2.2,2.2,3.2,3.2,3.2,3.2,3.2,3.2,3.2,3.2,3.2,0,9066677,3.2,3.2,100.0,100,-90.2,23,22,3,22,22,23,23,23,22,22,38.38,0,3.2,3.2,3.2,2.2,2.2,3.2,3.2,3.2,3.2,3.2,3.2,3.2,3.2,3.2,0,8837000,3.2,3.2,100.0,100,False,False,False
10-02-2021,13:33:49,-92.7,23,22,67,22,22,23,23,23,22,22,38.39,0,3.2,3.2,3.2,2.2,2.2,3.2,3.2,3.2,3.2,3.2,3.2,3.2,3.2,3.2,0,9066952,3.2,3.2,100.0,100,-90.2,23,22,67,22,22,23,23,23,22,22,38.38,0,3.2,3.2,3.2,2.2,2.2,3.2,3.2,3.2,3.2,3.2,3.2,3.2,3.2,3.2,0,8837179,3.2,3.2,100.0,100,False,False,False
10-02-2021,13:33:52,-92.7,23,22,3,22,22,23,23,23,22,22,38.39,0,3.2,3.2,3.2,2.2,2.2,3.2,3.2,3.2,3.2,3.2,3.2,3.2,3.2,3.2,0,9067137,3.2,3.2,100.0,100,-90.2,23,22,3,22,22,23,23,23,22,22,38.38,0,3.2,3.2,3.2,2.2,2.2,3.2,3.2,3.2,3.2,3.2,3.2,3.2,3.2,3.2,0,8837448,3.2,3.2,100.0,100,False,False,False
10-02-2021,13:33:55,-92.7,23,22,67,22,22,23,23,23,22,22,38.39,0,3.2,3.2,3.2,2.2,2.2,3.2,3.2,3.2,3.2,3.2,3.2,3.2,3.2,3.2,0,9067413,3.2,3.2,100.0,100,-90.2,23,22,67,22,22,23,23,23,22,22,38.38,0,3.2,3.2,3.2,2.2,2.2,3.2,3.2,3.2,3.2,3.2,3.2,3.2,3.2,3.2,0,8837716,3.2,3.2,100.0,100,False,False,False
10-02-2021,13:33:57,-92.7,23,22,3,22,22,23,23,23,22,22,38.39,0,3.2,3.2,3.2,2.2,2.2,3.2,3.2,3.2,3.2,3.2,3.2,3.2,3.2,3.2,0,9067689,3.2,3.2,100.0,100,-90.2,23,22,3,22,22,23,23,23,22,22,38.38,0,3.2,3.2,3.2,2.2,2.2,3.2,3.2,3.2,3.2,3.2,3.2,3.2,3.2,3.2,0,8837985,3.2,3.2,100.0,100,False,False,False
10-02-2021,13:34:00,-92.7,23,22,67,22,22,23,23,23,22,22,38.39,0,3.2,3.2,3.2,2.2,2.2,3.2,3.2,3.2,3.2,3.2,3.2,3.2,3.2,3.2,0,9067965,3.2,3.2,100.0,100,-90.2,23,22,67,22,22,23,23,23,22,22,38.38,0,3.2,3.2,3.2,2.2,2.2,3.2,3.2,3.2,3.2,3.2,3.2,3.2,3.2,3.2,0,8838163,3.2,3.2,100.0,100,False,False,False
10-02-2021,13:34:03,-92.7,23,22,3,22,22,23,23,23,22,22,38.39,0,3.2,3.2,3.2,2.2,2.2,3.2,3.2,3.2,3.2,3.2,3.2,3.2,3.2,3.2,0,9068150,3.2,3.2,100.0,100,-90.2,23,22,3,22,22,23,23,23,22,22,38.38,0,3.2,3.2,3.2,2.2,2.2,3.2,3.2,3.2,3.2,3.2,3.2,3.2,3.2,3.2,0,8838432,3.2,3.2,100.0,100,False,False,False
10-02-2021,13:34:06,-92.7,23,22,67,22,22,23,23,23,22,22,38.38,0,3.2,3.2,3.2,2.2,2.2,3.2,3.2,3.2,3.2,3.2,3.2,3.2,3.2,3.2,0,9068426,3.2,3.2,100.0,100,-90.2,23,22,67,22,22,23,23,23,22,22,38.38,0,3.2,3.2,3.2,2.2,2.2,3.2,3.2,3.2,3.2,3.2,3.2,3.2,3.2,3.2,0,8838701,3.2,3.2,100.0,100,False,False,False
10-02-2021,13:34:08,-92.7,23,22,3,22,22,23,23,23,22,22,38.39,0,3.2,3.2,3.2,2.2,2.2,3.2,3.2,3.2,3.2,3.2,3.2,3.2,3.2,3.2,0,9068702,3.2,3.2,100.0,100,-90.2,23,22,3,22,22,23,23,23,22,22,38.38,0,3.2,3.2,3.2,2.2,2.2,3.2,3.2,3.2,3.2,3.2,3.2,3.2,3.2,3.2,0,8838969,3.2,3.2,100.0,100,False,False,False
10-02-2021,13:34:11,-92.7,23,22,67,22,22,23,23,23,22,22,38.39,0,3.2,3.2,3.2,2.2,2.2,3.2,3.2,3.2,3.2,3.2,3.2,3.2,3.2,3.2,0,9068978,3.2,3.2,100.0,100,-90.2,23,22,67,22,22,23,23,23,22,22,38.38,0,3.2,3.2,3.2,2.2,2.2,3.2,3.2,3.2,3.2,3.2,3.2,3.2,3.2,3.2,0,8839148,3.2,3.2,100.0,100,False,False,False
10-02-2021,13:34:14,-92.7,23,22,3,22,22,23,23,23,22,22,38.39,0,3.2,3.2,3.2,2.2,2.2,3.2,3.2,3.2,3.2,3.2,3.2,3.2,3.2,3.2,0,9069162,3.2,3.2,100.0,100,-90.30000000000001,23,22,3,22,22,23,23,23,22,22,38.38,0,3.2,3.2,3.2,2.2,2.2,3.2,3.2,3.2,3.2,3.2,3.2,3.2,3.2,3.2,0,8839416,3.2,3.2,100.0,100,False,False,False
10-02-2021,13:34:17,-92.7,23,22,67,22,22,23,23,23,22,22,38.38,0,3.2,3.2,3.2,2.2,2.2,3.2,3.2,3.2,3.2,3.2,3.2,3.2,3.2,3.2,0,9069438,3.2,3.2,100.0,100,-90.2,23,22,67,22,22,23,23,23,22,22,38.38,0,3.2,3.2,3.2,2.2,2.2,3.2,3.2,3.2,3.2,3.2,3.2,3.2,3.2,3.2,0,8839685,3.2,3.2,100.0,100,False,False,False
10-02-2021,13:34:19,-92.7,23,22,3,22,22,23,23,23,22,22,38.38,0,3.2,3.2,3.2,2.2,2.2,3.2,3.2,3.2,3.2,3.2,3.2,3.2,3.2,3.2,0,9069715,3.2,3.2,100.0,100,-90.30000000000001,23,22,3,22,22,23,23,23,22,22,38.38,0,3.2,3.2,3.2,2.2,2.2,3.2,3.2,3.2,3.2,3.2,3.2,3.2,3.2,3.2,0,8839953,3.2,3.2,100.0,100,False,False,False
10-02-2021,13:34:22,-92.7,23,22,67,22,22,23,23,23,22,22,38.39,0,3.2,3.2,3.2,2.2,2.2,3.2,3.2,3.2,3.2,3.2,3.2,3.2,3.2,3.2,0,9069991,3.2,3.2,100.0,100,-90.2,23,22,67,22,22,23,23,23,22,22,38.38,0,3.2,3.2,3.2,2.2,2.2,3.2,3.2,3.2,3.2,3.2,3.2,3.2,3.2,3.2,0,8840133,3.2,3.2,100.0,100,False,False,False
10-02-2021,13:34:25,-92.80000000000001,23,22,3,22,22,23,23,23,22,22,38.39,0,3.2,3.2,3.2,2.2,2.2,3.2,3.2,3.2,3.2,3.2,3.2,3.2,3.2,3.2,0,9070175,3.2,3.2,100.0,100,-90.2,23,22,3,22,22,23,23,23,22,22,38.38,0,3.2,3.2,3.2,2.2,2.2,3.2,3.2,3.2,3.2,3.2,3.2,3.2,3.2,3.2,0,8840401,3.2,3.2,100.0,100,False,False,False
10-02-2021,13:34:28,-92.7,23,22,67,22,22,23,23,23,22,22,38.39,0,3.2,3.2,3.2,2.2,2.2,3.2,3.2,3.2,3.2,3.2,3.2,3.2,3.2,3.2,0,9070452,3.2,3.2,100.0,100,-90.2,23,22,67,22,22,23,23,23,22,22,38.38,0,3.2,3.2,3.2,2.2,2.2,3.2,3.2,3.2,3.2,3.2,3.2,3.2,3.2,3.2,0,8840669,3.2,3.2,100.0,100,False,False,False
10-02-2021,13:34:30,-92.7,23,22,3,22,22,23,23,23,22,22,38.39,0,3.2,3.2,3.2,2.2,2.2,3.2,3.2,3.2,3.2,3.2,3.2,3.2,3.2,3.2,0,9070728,3.2,3.2,100.0,100,-90.2,23,22,3,22,22,23,23,23,22,22,38.38,0,3.2,3.2,3.2,2.2,2.2,3.2,3.2,3.2,3.2,3.2,3.2,3.2,3.2,3.2,0,8840938,3.2,3.2,100.0,100,False,False,False
10-02-2021,13:34:33,-92.7,23,22,67,22,22,23,23,23,22,22,38.39,0,3.2,3.2,3.2,2.2,2.2,3.2,3.2,3.2,3.2,3.2,3.2,3.2,3.2,3.2,0,9071004,3.2,3.2,100.0,100,-90.2,23,22,67,22,22,23,23,23,22,22,38.38,0,3.2,3.2,3.2,2.2,2.2,3.2,3.2,3.2,3.2,3.2,3.2,3.2,3.2,3.2,0,8841117,3.2,3.2,100.0,100,False,False,False
10-02-2021,13:34:36,-92.7,23,22,3,22,22,23,23,23,22,22,38.38,0,3.2,3.2,3.2,2.2,2.2,3.2,3.2,3.2,3.2,3.2,3.2,3.2,3.2,3.2,0,9071188,3.2,3.2,100.0,100,-90.2,23,22,3,22,22,23,23,23,22,22,38.38,0,3.2,3.2,3.2,2.2,2.2,3.2,3.2,3.2,3.2,3.2,3.2,3.2,3.2,3.2,0,8841386,3.2,3.2,100.0,100,False,False,False
10-02-2021,13:34:39,-92.7,23,22,67,22,22,23,23,23,22,22,38.39,0,3.2,3.2,3.2,2.2,2.2,3.2,3.2,3.2,3.2,3.2,3.2,3.2,3.2,3.2,0,9071464,3.2,3.2,100.0,100,-90.30000000000001,23,22,67,22,22,23,23,23,22,22,38.38,0,3.2,3.2,3.2,2.2,2.2,3.2,3.2,3.2,3.2,3.2,3.2,3.2,3.2,3.2,0,8841654,3.2,3.2,100.0,100,False,False,False
10-02-2021,13:34:41,-92.7,23,22,3,22,22,23,23,23,22,22,38.39,0,3.2,3.2,3.2,2.2,2.2,3.2,3.2,3.2,3.2,3.2,3.2,3.2,3.2,3.2,0,9071740,3.2,3.2,100.0,100,-90.2,23,22,3,22,22,23,23,23,22,22,38.38,0,3.2,3.2,3.2,2.2,2.2,3.2,3.2,3.2,3.2,3.2,3.2,3.2,3.2,3.2,0,8841923,3.2,3.2,100.0,100,False,False,False
10-02-2021,13:34:44,-92.7,23,22,67,22,22,23,23,23,22,22,38.39,0,3.2,3.2,3.2,2.2,2.2,3.2,3.2,3.2,3.2,3.2,3.2,3.2,3.2,3.2,0,9072016,3.2,3.2,100.0,100,-90.2,23,22,67,22,22,23,23,23,22,22,38.38,0,3.2,3.2,3.2,2.2,2.2,3.2,3.2,3.2,3.2,3.2,3.2,3.2,3.2,3.2,0,8842101,3.2,3.2,100.0,100,False,False,False
10-02-2021,13:34:47,-92.7,23,22,3,22,22,23,23,23,22,22,38.38,0,3.2,3.2,3.2,2.2,2.2,3.2,3.2,3.2,3.2,3.2,3.2,3.2,3.2,3.2,0,9072201,3.2,3.2,100.0,100,-90.30000000000001,23,22,3,22,22,23,23,23,22,22,38.38,0,3.2,3.2,3.2,2.2,2.2,3.2,3.2,3.2,3.2,3.2,3.2,3.2,3.2,3.2,0,8842370,3.2,3.2,100.0,100,False,False,False
10-02-2021,13:34:49,-92.60000000000001,23,22,67,22,22,23,23,23,22,22,38.38,0,3.2,3.2,3.2,2.2,2.2,3.2,3.2,3.2,3.2,3.2,3.2,3.2,3.2,3.2,0,9072477,3.2,3.2,100.0,100,-90.2,23,22,67,22,22,23,23,23,22,22,38.38,0,3.2,3.2,3.2,2.2,2.2,3.2,3.2,3.2,3.2,3.2,3.2,3.2,3.2,3.2,0,8842638,3.2,3.2,100.0,100,False,False,False
10-02-2021,13:34:52,-92.80000000000001,23,22,3,22,22,23,23,23,22,22,38.39,0,3.2,3.2,3.2,2.2,2.2,3.2,3.2,3.2,3.2,3.2,3.2,3.2,3.2,3.2,0,9072753,3.2,3.2,100.0,100,-90.2,23,22,3,22,22,23,23,23,22,22,38.38,0,3.2,3.2,3.2,2.2,2.2,3.2,3.2,3.2,3.2,3.2,3.2,3.2,3.2,3.2,0,8842907,3.2,3.2,100.0,100,False,False,False
10-02-2021,13:34:55,-92.7,23,22,67,22,22,23,23,23,22,22,38.39,0,3.2,3.2,3.2,2.2,2.2,3.2,3.2,3.2,3.2,3.2,3.2,3.2,3.2,3.2,0,9073030,3.2,3.2,100.0,100,-90.2,23,22,67,22,22,23,23,23,22,22,38.38,0,3.2,3.2,3.2,2.2,2.2,3.2,3.2,3.2,3.2,3.2,3.2,3.2,3.2,3.2,0,8843086,3.2,3.2,100.0,100,False,False,False
10-02-2021,13:34:58,-92.7,23,22,3,22,22,23,23,23,22,22,38.39,0,3.2,3.2,3.2,2.2,2.2,3.2,3.2,3.2,3.2,3.2,3.2,3.2,3.2,3.2,0,9073213,3.2,3.2,100.0,100,-90.2,23,22,3,22,22,23,23,23,22,22,38.38,0,3.2,3.2,3.2,2.2,2.2,3.2,3.2,3.2,3.2,3.2,3.2,3.2,3.2,3.2,0,8843354,3.2,3.2,100.0,100,False,False,False
10-02-2021,13:35:00,-92.7,23,22,67,22,22,23,23,23,22,22,38.38,0,3.2,3.2,3.2,2.2,2.2,3.2,3.2,3.2,3.2,3.2,3.2,3.2,3.2,3.2,0,9073491,3.2,3.2,100.0,100,-90.2,23,22,67,22,22,23,23,23,22,22,38.38,0,3.2,3.2,3.2,2.2,2.2,3.2,3.2,3.2,3.2,3.2,3.2,3.2,3.2,3.2,0,8843623,3.2,3.2,100.0,100,False,False,False
10-02-2021,13:35:03,-92.7,23,22,3,22,22,23,23,23,22,22,38.39,0,3.2,3.2,3.2,2.2,2.2,3.2,3.2,3.2,3.2,3.2,3.2,3.2,3.2,3.2,0,9073766,3.2,3.2,100.0,100,-90.2,23,22,3,22,22,23,23,23,22,22,38.38,0,3.2,3.2,3.2,2.2,2.2,3.2,3.2,3.2,3.2,3.2,3.2,3.2,3.2,3.2,0,8843891,3.2,3.2,100.0,100,False,False,False
10-02-2021,13:35:06,-92.7,23,22,67,22,22,23,23,23,22,22,38.38,0,3.2,3.2,3.2,2.2,2.2,3.2,3.2,3.2,3.2,3.2,3.2,3.2,3.2,3.2,0,9074042,3.2,3.2,100.0,100,-90.10000000000001,23,22,67,22,22,23,23,23,22,22,38.38,0,3.2,3.2,3.2,2.2,2.2,3.2,3.2,3.2,3.2,3.2,3.2,3.2,3.2,3.2,0,8844071,3.2,3.2,100.0,100,False,False,False
10-02-2021,13:35:09,-92.80000000000001,23,22,3,22,22,23,23,23,22,22,38.39,0,3.2,3.2,3.2,2.2,2.2,3.2,3.2,3.2,3.2,3.2,3.2,3.2,3.2,3.2,0,9074227,3.2,3.2,100.0,100,-90.10000000000001,23,22,3,22,22,23,23,23,22,22,38.38,0,3.2,3.2,3.2,2.2,2.2,3.2,3.2,3.2,3.2,3.2,3.2,3.2,3.2,3.2,0,8844339,3.2,3.2,100.0,100,False,False,False
10-02-2021,13:35:11,-92.80000000000001,23,22,67,22,22,23,23,23,22,22,38.38,0,3.2,3.2,3.2,2.2,2.2,3.2,3.2,3.2,3.2,3.2,3.2,3.2,3.2,3.2,0,9074503,3.2,3.2,100.0,100,-90.10000000000001,23,22,67,22,22,23,23,23,22,22,38.38,0,3.2,3.2,3.2,2.2,2.2,3.2,3.2,3.2,3.2,3.2,3.2,3.2,3.2,3.2,0,8844607,3.2,3.2,100.0,100,False,False,False
10-02-2021,13:35:14,-92.7,23,22,3,22,22,23,23,23,22,22,38.39,0,3.2,3.2,3.2,2.2,2.2,3.2,3.2,3.2,3.2,3.2,3.2,3.2,3.2,3.2,0,9074779,3.2,3.2,100.0,100,-90.2,23,22,3,22,22,23,23,23,22,22,38.38,0,3.2,3.2,3.2,2.2,2.2,3.2,3.2,3.2,3.2,3.2,3.2,3.2,3.2,3.2,0,8844876,3.2,3.2,100.0,100,False,False,False
10-02-2021,13:35:17,-92.7,23,22,67,22,22,23,23,23,22,22,38.39,0,3.2,3.2,3.2,2.2,2.2,3.2,3.2,3.2,3.2,3.2,3.2,3.2,3.2,3.2,0,9075056,3.2,3.2,100.0,100,-90.2,23,22,67,22,22,23,23,23,22,22,38.38,0,3.2,3.2,3.2,2.2,2.2,3.2,3.2,3.2,3.2,3.2,3.2,3.2,3.2,3.2,0,8845055,3.2,3.2,100.0,100,False,False,False
10-02-2021,13:35:20,-92.80000000000001,23,22,3,22,22,23,23,23,22,22,38.39,0,3.2,3.2,3.2,2.2,2.2,3.2,3.2,3.2,3.2,3.2,3.2,3.2,3.2,3.2,0,9075240,3.2,3.2,100.0,100,-90.2,23,22,3,22,22,23,23,23,22,22,38.38,0,3.2,3.2,3.2,2.2,2.2,3.2,3.2,3.2,3.2,3.2,3.2,3.2,3.2,3.2,0,8845324,3.2,3.2,100.0,100,False,False,False
10-02-2021,13:35:22,-92.7,23,22,67,22,22,23,23,23,22,22,38.39,0,3.2,3.2,3.2,2.2,2.2,3.2,3.2,3.2,3.2,3.2,3.2,3.2,3.2,3.2,0,9075517,3.2,3.2,100.0,100,-90.2,23,22,67,22,22,23,23,23,22,22,38.38,0,3.2,3.2,3.2,2.2,2.2,3.2,3.2,3.2,3.2,3.2,3.2,3.2,3.2,3.2,0,8845592,3.2,3.2,100.0,100,False,False,False
10-02-2021,13:35:25,-92.7,23,22,3,22,22,23,23,23,22,22,38.39,0,3.2,3.2,3.2,2.2,2.2,3.2,3.2,3.2,3.2,3.2,3.2,3.2,3.2,3.2,0,9075793,3.2,3.2,100.0,100,-90.2,23,22,3,22,22,23,23,23,22,22,38.38,0,3.2,3.2,3.2,2.2,2.2,3.2,3.2,3.2,3.2,3.2,3.2,3.2,3.2,3.2,0,8845860,3.2,3.2,100.0,100,False,False,False
10-02-2021,13:35:28,-92.80000000000001,23,22,67,22,22,23,23,23,22,22,38.39,0,3.2,3.2,3.2,2.2,2.2,3.2,3.2,3.2,3.2,3.2,3.2,3.2,3.2,3.2,0,9076070,3.2,3.2,100.0,100,-90.2,23,22,67,22,22,23,23,23,22,22,38.38,0,3.2,3.2,3.2,2.2,2.2,3.2,3.2,3.2,3.2,3.2,3.2,3.2,3.2,3.2,0,8846040,3.2,3.2,100.0,100,False,False,False
10-02-2021,13:35:31,-92.80000000000001,23,22,3,22,22,23,23,23,22,22,38.38,0,3.2,3.2,3.2,2.2,2.2,3.2,3.2,3.2,3.2,3.2,3.2,3.2,3.2,3.2,0,9076253,3.2,3.2,100.0,100,-90.2,23,22,3,22,22,23,23,23,22,22,38.38,0,3.2,3.2,3.2,2.2,2.2,3.2,3.2,3.2,3.2,3.2,3.2,3.2,3.2,3.2,0,8846308,3.2,3.2,100.0,100,False,False,False
10-02-2021,13:35:33,-92.80000000000001,23,22,67,22,22,23,23,23,22,22,38.39,0,3.2,3.2,3.2,2.2,2.2,3.2,3.2,3.2,3.2,3.2,3.2,3.2,3.2,3.2,0,9076530,3.2,3.2,100.0,100,-90.2,23,22,67,22,22,23,23,23,22,22,38.38,0,3.2,3.2,3.2,2.2,2.2,3.2,3.2,3.2,3.2,3.2,3.2,3.2,3.2,3.2,0,8846577,3.2,3.2,100.0,100,False,False,False
10-02-2021,13:35:36,-92.80000000000001,23,22,3,22,22,23,23,23,22,22,38.39,0,3.2,3.2,3.2,2.2,2.2,3.2,3.2,3.2,3.2,3.2,3.2,3.2,3.2,3.2,0,9076806,3.2,3.2,100.0,100,-90.2,23,22,3,22,22,23,23,23,22,22,38.38,0,3.2,3.2,3.2,2.2,2.2,3.2,3.2,3.2,3.2,3.2,3.2,3.2,3.2,3.2,0,8846845,3.2,3.2,100.0,100,False,False,False
10-02-2021,13:35:39,-92.7,23,22,67,22,22,23,23,23,22,22,38.38,0,3.2,3.2,3.2,2.2,2.2,3.2,3.2,3.2,3.2,3.2,3.2,3.2,3.2,3.2,0,9077083,3.2,3.2,100.0,100,-90.2,23,22,67,22,22,23,23,23,22,22,38.38,0,3.2,3.2,3.2,2.2,2.2,3.2,3.2,3.2,3.2,3.2,3.2,3.2,3.2,3.2,0,8847024,3.2,3.2,100.0,100,False,False,False
10-02-2021,13:35:41,-92.80000000000001,23,22,3,22,22,23,23,23,22,22,38.39,0,3.2,3.2,3.2,2.2,2.2,3.2,3.2,3.2,3.2,3.2,3.2,3.2,3.2,3.2,0,9077267,3.2,3.2,100.0,100,-90.10000000000001,23,22,3,22,22,23,23,23,22,22,38.38,0,3.2,3.2,3.2,2.2,2.2,3.2,3.2,3.2,3.2,3.2,3.2,3.2,3.2,3.2,0,8847292,3.2,3.2,100.0,100,False,False,False
10-02-2021,13:35:44,-92.80000000000001,23,22,67,22,22,23,23,23,22,22,38.38,0,3.2,3.2,3.2,2.2,2.2,3.2,3.2,3.2,3.2,3.2,3.2,3.2,3.2,3.2,0,9077544,3.2,3.2,100.0,100,-90.2,23,22,67,22,22,23,23,23,22,22,38.38,0,3.2,3.2,3.2,2.2,2.2,3.2,3.2,3.2,3.2,3.2,3.2,3.2,3.2,3.2,0,8847561,3.2,3.2,100.0,100,False,False,False
10-02-2021,13:35:47,-92.80000000000001,23,22,3,22,22,23,23,23,22,22,38.38,0,3.2,3.2,3.2,2.2,2.2,3.2,3.2,3.2,3.2,3.2,3.2,3.2,3.2,3.2,0,9077820,3.2,3.2,100.0,100,-90.2,23,22,3,22,22,23,23,23,22,22,38.38,0,3.2,3.2,3.2,2.2,2.2,3.2,3.2,3.2,3.2,3.2,3.2,3.2,3.2,3.2,0,8847829,3.2,3.2,100.0,100,False,False,False
10-02-2021,13:35:50,-92.80000000000001,23,22,67,22,22,23,23,23,22,22,38.38,0,3.2,3.2,3.2,2.2,2.2,3.2,3.2,3.2,3.2,3.2,3.2,3.2,3.2,3.2,0,9078097,3.2,3.2,100.0,100,-90.2,23,22,67,22,22,23,23,23,22,22,38.38,0,3.2,3.2,3.2,2.2,2.2,3.2,3.2,3.2,3.2,3.2,3.2,3.2,3.2,3.2,0,8848008,3.2,3.2,100.0,100,False,False,False
10-02-2021,13:35:52,-92.80000000000001,23,22,3,22,22,23,23,23,22,22,38.39,0,3.2,3.2,3.2,2.2,2.2,3.2,3.2,3.2,3.2,3.2,3.2,3.2,3.2,3.2,0,9078280,3.2,3.2,100.0,100,-90.10000000000001,23,22,3,22,22,23,23,23,22,22,38.38,0,3.2,3.2,3.2,2.2,2.2,3.2,3.2,3.2,3.2,3.2,3.2,3.2,3.2,3.2,0,8848276,3.2,3.2,100.0,100,False,False,False
10-02-2021,13:35:55,-92.80000000000001,23,22,67,22,22,23,23,23,22,22,38.38,0,3.2,3.2,3.2,2.2,2.2,3.2,3.2,3.2,3.2,3.2,3.2,3.2,3.2,3.2,0,9078557,3.2,3.2,100.0,100,-90.2,23,22,67,22,22,23,23,23,22,22,38.38,0,3.2,3.2,3.2,2.2,2.2,3.2,3.2,3.2,3.2,3.2,3.2,3.2,3.2,3.2,0,8848545,3.2,3.2,100.0,100,False,False,False
10-02-2021,13:35:58,-92.80000000000001,23,22,3,22,22,23,23,23,22,22,38.38,0,3.2,3.2,3.2,2.2,2.2,3.2,3.2,3.2,3.2,3.2,3.2,3.2,3.2,3.2,0,9078833,3.2,3.2,100.0,100,-90.2,23,22,3,22,22,23,23,23,22,22,38.38,0,3.2,3.2,3.2,2.2,2.2,3.2,3.2,3.2,3.2,3.2,3.2,3.2,3.2,3.2,0,8848813,3.2,3.2,100.0,100,False,False,False
10-02-2021,13:36:01,-92.80000000000001,23,22,67,22,22,23,23,23,22,22,38.38,0,3.2,3.2,3.2,2.2,2.2,3.2,3.2,3.2,3.2,3.2,3.2,3.2,3.2,3.2,0,9079110,3.2,3.2,100.0,100,-90.2,23,22,67,22,22,23,23,23,22,22,38.38,0,3.2,3.2,3.2,2.2,2.2,3.2,3.2,3.2,3.2,3.2,3.2,3.2,3.2,3.2,0,8848993,3.2,3.2,100.0,100,False,False,False
10-02-2021,13:36:03,-92.80000000000001,23,22,3,22,22,23,23,23,22,22,38.38,0,3.2,3.2,3.2,2.2,2.2,3.2,3.2,3.2,3.2,3.2,3.2,3.2,3.2,3.2,0,9079295,3.2,3.2,100.0,100,-90.2,23,22,3,22,22,23,23,23,22,22,38.38,0,3.2,3.2,3.2,2.2,2.2,3.2,3.2,3.2,3.2,3.2,3.2,3.2,3.2,3.2,0,8849261,3.2,3.2,100.0,100,False,False,False
10-02-2021,13:36:06,-92.80000000000001,23,22,67,22,22,23,23,23,22,22,38.38,0,3.2,3.2,3.2,2.2,2.2,3.2,3.2,3.2,3.2,3.2,3.2,3.2,3.2,3.2,0,9079571,3.2,3.2,100.0,100,-90.10000000000001,23,22,67,22,22,23,23,23,22,22,38.38,0,3.2,3.2,3.2,2.2,2.2,3.2,3.2,3.2,3.2,3.2,3.2,3.2,3.2,3.2,0,8849529,3.2,3.2,100.0,100,False,False,False
10-02-2021,13:36:09,-92.80000000000001,23,22,3,22,22,23,23,23,22,22,38.38,0,3.2,3.2,3.2,2.2,2.2,3.2,3.2,3.2,3.2,3.2,3.2,3.2,3.2,3.2,0,9079848,3.2,3.2,100.0,100,-90.2,23,22,3,22,22,23,23,23,22,22,38.38,0,3.2,3.2,3.2,2.2,2.2,3.2,3.2,3.2,3.2,3.2,3.2,3.2,3.2,3.2,0,8849798,3.2,3.2,100.0,100,False,False,False
10-02-2021,13:36:12,-92.80000000000001,23,22,67,22,22,23,23,23,22,22,38.38,0,3.2,3.2,3.2,2.2,2.2,3.2,3.2,3.2,3.2,3.2,3.2,3.2,3.2,3.2,0,9080124,3.2,3.2,100.0,100,-90.30000000000001,23,22,67,22,22,23,23,23,22,22,38.38,0,3.2,3.2,3.2,2.2,2.2,3.2,3.2,3.2,3.2,3.2,3.2,3.2,3.2,3.2,0,8849977,3.2,3.2,100.0,100,False,False,False
10-02-2021,13:36:14,-92.80000000000001,23,22,3,22,22,23,23,23,22,22,38.38,0,3.2,3.2,3.2,2.2,2.2,3.2,3.2,3.2,3.2,3.2,3.2,3.2,3.2,3.2,0,9080309,3.2,3.2,100.0,100,-90.2,23,22,3,22,22,23,23,23,22,22,38.38,0,3.2,3.2,3.2,2.2,2.2,3.2,3.2,3.2,3.2,3.2,3.2,3.2,3.2,3.2,0,8850245,3.2,3.2,100.0,100,False,False,False
10-02-2021,13:36:17,-92.80000000000001,23,22,67,22,22,23,23,23,22,22,38.38,0,3.2,3.2,3.2,2.2,2.2,3.2,3.2,3.2,3.2,3.2,3.2,3.2,3.2,3.2,0,9080586,3.2,3.2,100.0,100,-90.2,23,22,67,22,22,23,23,23,22,22,38.38,0,3.2,3.2,3.2,2.2,2.2,3.2,3.2,3.2,3.2,3.2,3.2,3.2,3.2,3.2,0,8850514,3.2,3.2,100.0,100,False,False,False
10-02-2021,13:36:20,-92.80000000000001,23,22,3,22,22,23,23,23,22,22,38.38,0,3.2,3.2,3.2,2.2,2.2,3.2,3.2,3.2,3.2,3.2,3.2,3.2,3.2,3.2,0,9080862,3.2,3.2,100.0,100,-90.2,23,22,3,22,22,23,23,23,22,22,38.38,0,3.2,3.2,3.2,2.2,2.2,3.2,3.2,3.2,3.2,3.2,3.2,3.2,3.2,3.2,0,8850782,3.2,3.2,100.0,100,False,False,False
10-02-2021,13:36:22,-92.80000000000001,23,22,67,22,22,23,23,23,22,22,38.38,0,3.2,3.2,3.2,2.2,2.2,3.2,3.2,3.2,3.2,3.2,3.2,3.2,3.2,3.2,0,9081139,3.2,3.2,100.0,100,-90.2,23,22,67,22,22,23,23,23,22,22,38.38,0,3.2,3.2,3.2,2.2,2.2,3.2,3.2,3.2,3.2,3.2,3.2,3.2,3.2,3.2,0,8850961,3.2,3.2,100.0,100,False,False,False
10-02-2021,13:36:25,-92.9,23,22,3,22,22,23,23,23,22,22,38.38,0,3.2,3.2,3.2,2.2,2.2,3.2,3.2,3.2,3.2,3.2,3.2,3.2,3.2,3.2,0,9081322,3.2,3.2,100.0,100,-90.2,23,22,3,22,22,23,23,23,22,22,38.38,0,3.2,3.2,3.2,2.2,2.2,3.2,3.2,3.2,3.2,3.2,3.2,3.2,3.2,3.2,0,8851230,3.2,3.2,100.0,100,False,False,False
10-02-2021,13:36:28,-92.80000000000001,23,22,67,22,22,23,23,23,22,22,38.39,0,3.2,3.2,3.2,2.2,2.2,3.2,3.2,3.2,3.2,3.2,3.2,3.2,3.2,3.2,0,9081599,3.2,3.2,100.0,100,-90.2,23,22,67,22,22,23,23,23,22,22,38.38,0,3.2,3.2,3.2,2.2,2.2,3.2,3.2,3.2,3.2,3.2,3.2,3.2,3.2,3.2,0,8851498,3.2,3.2,100.0,100,False,False,False
10-02-2021,13:36:31,-92.80000000000001,23,22,3,22,22,23,23,23,22,22,38.38,0,3.2,3.2,3.2,2.2,2.2,3.2,3.2,3.2,3.2,3.2,3.2,3.2,3.2,3.2,0,9081875,3.2,3.2,100.0,100,-90.2,23,22,3,22,22,23,23,23,22,22,38.38,0,3.2,3.2,3.2,2.2,2.2,3.2,3.2,3.2,3.2,3.2,3.2,3.2,3.2,3.2,0,8851767,3.2,3.2,100.0,100,False,False,False
10-02-2021,13:36:33,-92.9,23,22,67,22,22,23,23,23,22,22,38.38,0,3.2,3.2,3.2,2.2,2.2,3.2,3.2,3.2,3.2,3.2,3.2,3.2,3.2,3.2,0,9082152,3.2,3.2,100.0,100,-90.2,23,22,67,22,22,23,23,23,22,22,38.38,0,3.2,3.2,3.2,2.2,2.2,3.2,3.2,3.2,3.2,3.2,3.2,3.2,3.2,3.2,0,8851946,3.2,3.2,100.0,100,False,False,False
10-02-2021,13:36:36,-92.80000000000001,23,22,3,22,22,23,23,23,22,22,38.38,0,3.2,3.2,3.2,2.2,2.2,3.2,3.2,3.2,3.2,3.2,3.2,3.2,3.2,3.2,0,9082337,3.2,3.2,100.0,100,-90.2,23,22,3,22,22,23,23,23,22,22,38.38,0,3.2,3.2,3.2,2.2,2.2,3.2,3.2,3.2,3.2,3.2,3.2,3.2,3.2,3.2,0,8852214,3.2,3.2,100.0,100,False,False,False
10-02-2021,13:36:39,-92.80000000000001,23,22,67,22,22,23,23,23,22,22,38.38,0,3.2,3.2,3.2,2.2,2.2,3.2,3.2,3.2,3.2,3.2,3.2,3.2,3.2,3.2,0,9082613,3.2,3.2,100.0,100,-90.10000000000001,23,22,67,22,22,23,23,23,22,22,38.38,0,3.2,3.2,3.2,2.2,2.2,3.2,3.2,3.2,3.2,3.2,3.2,3.2,3.2,3.2,0,8852483,3.2,3.2,100.0,100,False,False,False
10-02-2021,13:36:42,-92.80000000000001,23,22,3,22,22,23,23,23,22,22,38.39,0,3.2,3.2,3.2,2.2,2.2,3.2,3.2,3.2,3.2,3.2,3.2,3.2,3.2,3.2,0,9082890,3.2,3.2,100.0,100,-90.30000000000001,23,22,3,22,22,23,23,23,22,22,38.38,0,3.2,3.2,3.2,2.2,2.2,3.2,3.2,3.2,3.2,3.2,3.2,3.2,3.2,3.2,0,8852751,3.2,3.2,100.0,100,False,False,False
10-02-2021,13:36:44,-92.9,23,22,67,22,22,23,23,23,22,22,38.38,0,3.2,3.2,3.2,2.2,2.2,3.2,3.2,3.2,3.2,3.2,3.2,3.2,3.2,3.2,0,9083166,3.2,3.2,100.0,100,-90.2,23,22,67,22,22,23,23,23,22,22,38.38,0,3.2,3.2,3.2,2.2,2.2,3.2,3.2,3.2,3.2,3.2,3.2,3.2,3.2,3.2,0,8852930,3.2,3.2,100.0,100,False,False,False
10-02-2021,13:36:47,-92.9,23,22,3,22,22,23,23,23,22,22,38.38,0,3.2,3.2,3.2,2.2,2.2,3.2,3.2,3.2,3.2,3.2,3.2,3.2,3.2,3.2,0,9083351,3.2,3.2,100.0,100,-90.2,23,22,3,22,22,23,23,23,22,22,38.38,0,3.2,3.2,3.2,2.2,2.2,3.2,3.2,3.2,3.2,3.2,3.2,3.2,3.2,3.2,0,8853199,3.2,3.2,100.0,100,False,False,False
10-02-2021,13:36:50,-92.80000000000001,23,22,67,22,22,23,23,23,22,22,38.38,0,3.2,3.2,3.2,2.2,2.2,3.2,3.2,3.2,3.2,3.2,3.2,3.2,3.2,3.2,0,9083628,3.2,3.2,100.0,100,-90.10000000000001,23,22,67,22,22,23,23,23,22,22,38.38,0,3.2,3.2,3.2,2.2,2.2,3.2,3.2,3.2,3.2,3.2,3.2,3.2,3.2,3.2,0,8853467,3.2,3.2,100.0,100,False,False,False
10-02-2021,13:36:53,-92.9,23,22,3,22,22,23,23,23,22,22,38.38,0,3.2,3.2,3.2,2.2,2.2,3.2,3.2,3.2,3.2,3.2,3.2,3.2,3.2,3.2,0,9083905,3.2,3.2,100.0,100,-90.2,23,22,3,22,22,23,23,23,22,22,38.38,0,3.2,3.2,3.2,2.2,2.2,3.2,3.2,3.2,3.2,3.2,3.2,3.2,3.2,3.2,0,8853736,3.2,3.2,100.0,100,False,False,False
10-02-2021,13:36:55,-92.80000000000001,23,22,67,22,22,23,23,23,22,22,38.38,0,3.2,3.2,3.2,2.2,2.2,3.2,3.2,3.2,3.2,3.2,3.2,3.2,3.2,3.2,0,9084181,3.2,3.2,100.0,100,-90.10000000000001,23,22,67,22,22,23,23,23,22,22,38.38,0,3.2,3.2,3.2,2.2,2.2,3.2,3.2,3.2,3.2,3.2,3.2,3.2,3.2,3.2,0,8853915,3.2,3.2,100.0,100,False,False,False
10-02-2021,13:36:58,-92.9,23,22,3,22,22,23,23,23,22,22,38.39,0,3.2,3.2,3.2,2.2,2.2,3.2,3.2,3.2,3.2,3.2,3.2,3.2,3.2,3.2,0,9084365,3.2,3.2,100.0,100,-90.2,23,22,3,22,22,23,23,23,22,22,38.38,0,3.2,3.2,3.2,2.2,2.2,3.2,3.2,3.2,3.2,3.2,3.2,3.2,3.2,3.2,0,8854183,3.2,3.2,100.0,100,False,False,False
10-02-2021,13:37:01,-92.80000000000001,23,22,67,22,22,23,23,23,22,22,38.38,0,3.2,3.2,3.2,2.2,2.2,3.2,3.2,3.2,3.2,3.2,3.2,3.2,3.2,3.2,0,9084641,3.2,3.2,100.0,100,-90.2,23,22,67,22,22,23,23,23,22,22,38.38,0,3.2,3.2,3.2,2.2,2.2,3.2,3.2,3.2,3.2,3.2,3.2,3.2,3.2,3.2,0,8854452,3.2,3.2,100.0,100,False,False,False
10-02-2021,13:37:04,-92.80000000000001,23,22,3,22,22,23,23,23,22,22,38.38,0,3.2,3.2,3.2,2.2,2.2,3.2,3.2,3.2,3.2,3.2,3.2,3.2,3.2,3.2,0,9084918,3.2,3.2,100.0,100,-90.2,23,22,3,22,22,23,23,23,22,22,38.38,0,3.2,3.2,3.2,2.2,2.2,3.2,3.2,3.2,3.2,3.2,3.2,3.2,3.2,3.2,0,8854723,3.2,3.2,100.0,100,False,False,False
10-02-2021,13:37:07,-92.80000000000001,23,22,67,22,22,23,23,23,22,22,38.38,0,3.2,3.2,3.2,2.2,2.2,3.2,3.2,3.2,3.2,3.2,3.2,3.2,3.2,3.2,0,9085195,3.2,3.2,100.0,100,-90.10000000000001,23,22,67,22,22,23,23,23,22,22,38.38,0,3.2,3.2,3.2,2.2,2.2,3.2,3.2,3.2,3.2,3.2,3.2,3.2,3.2,3.2,0,8854902,3.2,3.2,100.0,100,False,False,False
10-02-2021,13:37:10,-92.80000000000001,23,22,3,22,22,23,23,23,22,22,38.39,0,3.2,3.2,3.2,2.2,2.2,3.2,3.2,3.2,3.2,3.2,3.2,3.2,3.2,3.2,0,9085471,3.2,3.2,100.0,100,-90.2,23,22,3,22,22,23,23,23,22,22,38.38,0,3.2,3.2,3.2,2.2,2.2,3.2,3.2,3.2,3.2,3.2,3.2,3.2,3.2,3.2,0,8855170,3.2,3.2,100.0,100,False,False,False
10-02-2021,13:37:13,-92.80000000000001,23,22,67,22,22,23,23,23,22,22,38.38,0,3.2,3.2,3.2,2.2,2.2,3.2,3.2,3.2,3.2,3.2,3.2,3.2,3.2,3.2,0,9085748,3.2,3.2,100.0,100,-90.2,23,22,67,22,22,23,23,23,22,22,38.38,0,3.2,3.2,3.2,2.2,2.2,3.2,3.2,3.2,3.2,3.2,3.2,3.2,3.2,3.2,0,8855439,3.2,3.2,100.0,100,False,False,False
10-02-2021,13:37:16,-92.80000000000001,23,22,3,22,22,23,23,23,22,22,38.38,0,3.2,3.2,3.2,2.2,2.2,3.2,3.2,3.2,3.2,3.2,3.2,3.2,3.2,3.2,0,9086025,3.2,3.2,100.0,100,-90.2,23,22,3,22,22,23,23,23,22,22,38.38,0,3.2,3.2,3.2,2.2,2.2,3.2,3.2,3.2,3.2,3.2,3.2,3.2,3.2,3.2,0,8855707,3.2,3.2,100.0,100,False,False,False
10-02-2021,13:37:19,-92.9,23,22,67,22,22,23,23,23,22,22,38.38,0,3.2,3.2,3.2,2.2,2.2,3.2,3.2,3.2,3.2,3.2,3.2,3.2,3.2,3.2,0,9086301,3.2,3.2,100.0,100,-90.2,23,22,67,22,22,23,23,23,22,22,38.38,0,3.2,3.2,3.2,2.2,2.2,3.2,3.2,3.2,3.2,3.2,3.2,3.2,3.2,3.2,0,8855976,3.2,3.2,100.0,100,False,False,False
10-02-2021,13:37:22,-92.80000000000001,23,22,3,22,22,23,23,23,22,22,38.38,0,3.2,3.2,3.2,2.2,2.2,3.2,3.2,3.2,3.2,3.2,3.2,3.2,3.2,3.2,0,9086578,3.2,3.2,100.0,100,-90.2,23,22,3,22,22,23,23,23,22,22,38.38,0,3.2,3.2,3.2,2.2,2.2,3.2,3.2,3.2,3.2,3.2,3.2,3.2,3.2,3.2,0,8856244,3.2,3.2,100.0,100,False,False,False
10-02-2021,13:37:25,-92.9,23,22,67,22,22,23,23,23,22,22,38.38,0,3.2,3.2,3.2,2.2,2.2,3.2,3.2,3.2,3.2,3.2,3.2,3.2,3.2,3.2,0,9086855,3.2,3.2,100.0,100,-90.2,23,22,67,22,22,23,23,23,22,22,38.38,0,3.2,3.2,3.2,2.2,2.2,3.2,3.2,3.2,3.2,3.2,3.2,3.2,3.2,3.2,0,8856513,3.2,3.2,100.0,100,False,False,False
10-02-2021,13:37:28,-92.80000000000001,23,22,3,22,22,23,23,23,22,22,38.38,0,3.2,3.2,3.2,2.2,2.2,3.2,3.2,3.2,3.2,3.2,3.2,3.2,3.2,3.2,0,9087132,3.2,3.2,100.0,100,-90.2,23,22,3,22,22,23,23,23,22,22,38.38,0,3.2,3.2,3.2,2.2,2.2,3.2,3.2,3.2,3.2,3.2,3.2,3.2,3.2,3.2,0,8856781,3.2,3.2,100.0,100,False,False,False
10-02-2021,13:37:31,-92.80000000000001,23,22,67,22,22,23,23,23,22,22,38.38,0,3.2,3.2,3.2,2.2,2.2,3.2,3.2,3.2,3.2,3.2,3.2,3.2,3.2,3.2,0,9087408,3.2,3.2,100.0,100,-90.10000000000001,23,22,67,22,22,23,23,23,22,22,38.38,0,3.2,3.2,3.2,2.2,2.2,3.2,3.2,3.2,3.2,3.2,3.2,3.2,3.2,3.2,0,8857050,3.2,3.2,100.0,100,False,False,False
10-02-2021,13:37:34,-92.9,23,22,3,22,22,23,23,23,22,22,38.38,0,3.2,3.2,3.2,2.2,2.2,3.2,3.2,3.2,3.2,3.2,3.2,3.2,3.2,3.2,0,9087685,3.2,3.2,100.0,100,-90.2,23,22,3,22,22,23,23,23,22,22,38.38,0,3.2,3.2,3.2,2.2,2.2,3.2,3.2,3.2,3.2,3.2,3.2,3.2,3.2,3.2,0,8857318,3.2,3.2,100.0,100,False,False,False
10-02-2021,13:37:37,-92.80000000000001,23,22,67,22,22,23,23,23,22,22,38.38,0,3.2,3.2,3.2,2.2,2.2,3.2,3.2,3.2,3.2,3.2,3.2,3.2,3.2,3.2,0,9087962,3.2,3.2,100.0,100,-90.2,23,22,67,22,22,23,23,23,22,22,38.38,0,3.2,3.2,3.2,2.2,2.2,3.2,3.2,3.2,3.2,3.2,3.2,3.2,3.2,3.2,0,8857587,3.2,3.2,100.0,100,False,False,False
10-02-2021,13:37:40,-92.9,23,22,3,22,22,23,23,23,22,22,38.39,0,3.2,3.2,3.2,2.2,2.2,3.2,3.2,3.2,3.2,3.2,3.2,3.2,3.2,3.2,0,9088239,3.2,3.2,100.0,100,-90.2,23,22,3,22,22,23,23,23,22,22,38.38,0,3.2,3.2,3.2,2.2,2.2,3.2,3.2,3.2,3.2,3.2,3.2,3.2,3.2,3.2,0,8857856,3.2,3.2,100.0,100,False,False,False
10-02-2021,13:37:42,-92.80000000000001,23,22,67,22,22,23,23,23,22,22,38.38,0,3.2,3.2,3.2,2.2,2.2,3.2,3.2,3.2,3.2,3.2,3.2,3.2,3.2,3.2,0,9088515,3.2,3.2,100.0,100,-90.2,23,22,67,22,22,23,23,23,22,22,38.38,0,3.2,3.2,3.2,2.2,2.2,3.2,3.2,3.2,3.2,3.2,3.2,3.2,3.2,3.2,0,8858124,3.2,3.2,100.0,100,False,False,False
10-02-2021,13:37:45,-92.80000000000001,23,22,3,22,22,23,23,23,22,22,38.38,0,3.2,3.2,3.2,2.2,2.2,3.2,3.2,3.2,3.2,3.2,3.2,3.2,3.2,3.2,0,9088792,3.2,3.2,100.0,100,-90.2,23,22,3,22,22,23,23,23,22,22,38.37,0,3.2,3.2,3.2,2.2,2.2,3.2,3.2,3.2,3.2,3.2,3.2,3.2,3.2,3.2,0,8858393,3.2,3.2,100.0,100,False,False,False
10-02-2021,13:37:48,-92.9,23,22,67,22,22,23,23,23,22,22,38.38,0,3.2,3.2,3.2,2.2,2.2,3.2,3.2,3.2,3.2,3.2,3.2,3.2,3.2,3.2,0,9089069,3.2,3.2,100.0,100,-90.2,23,22,67,22,22,23,23,23,22,22,38.38,0,3.2,3.2,3.2,2.2,2.2,3.2,3.2,3.2,3.2,3.2,3.2,3.2,3.2,3.2,0,8858661,3.2,3.2,100.0,100,False,False,False
10-02-2021,13:37:51,-92.80000000000001,23,22,3,22,22,23,23,23,22,22,38.38,0,3.2,3.2,3.2,2.2,2.2,3.2,3.2,3.2,3.2,3.2,3.2,3.2,3.2,3.2,0,9089346,3.2,3.2,100.0,100,-90.10000000000001,23,22,3,22,22,23,23,23,22,22,38.38,0,3.2,3.2,3.2,2.2,2.2,3.2,3.2,3.2,3.2,3.2,3.2,3.2,3.2,3.2,0,8858930,3.2,3.2,100.0,100,False,False,False
10-02-2021,13:37:54,-92.80000000000001,23,22,67,22,22,23,23,23,22,22,38.38,0,3.2,3.2,3.2,2.2,2.2,3.2,3.2,3.2,3.2,3.2,3.2,3.2,3.2,3.2,0,9089622,3.2,3.2,100.0,100,-90.2,23,22,67,22,22,23,23,23,22,22,38.38,0,3.2,3.2,3.2,2.2,2.2,3.2,3.2,3.2,3.2,3.2,3.2,3.2,3.2,3.2,0,8859198,3.2,3.2,100.0,100,False,False,False
10-02-2021,13:37:57,-92.80000000000001,23,22,3,22,22,23,23,23,22,22,38.38,0,3.2,3.2,3.2,2.2,2.2,3.2,3.2,3.2,3.2,3.2,3.2,3.2,3.2,3.2,0,9089899,3.2,3.2,100.0,100,-90.2,23,22,3,22,22,23,23,23,22,22,38.38,0,3.2,3.2,3.2,2.2,2.2,3.2,3.2,3.2,3.2,3.2,3.2,3.2,3.2,3.2,0,8859467,3.2,3.2,100.0,100,False,False,False
10-02-2021,13:38:00,-92.80000000000001,23,22,67,22,22,23,23,23,22,22,38.38,0,3.2,3.2,3.2,2.2,2.2,3.2,3.2,3.2,3.2,3.2,3.2,3.2,3.2,3.2,0,9090176,3.2,3.2,100.0,100,-90.2,23,22,67,22,22,23,23,23,22,22,38.37,0,3.2,3.2,3.2,2.2,2.2,3.2,3.2,3.2,3.2,3.2,3.2,3.2,3.2,3.2,0,8859735,3.2,3.2,100.0,100,False,False,False
10-02-2021,13:38:03,-92.9,23,22,3,22,22,23,23,23,22,22,38.38,0,3.2,3.2,3.2,2.2,2.2,3.2,3.2,3.2,3.2,3.2,3.2,3.2,3.2,3.2,0,9090452,3.2,3.2,100.0,100,-90.2,23,22,3,22,22,23,23,23,22,22,38.38,0,3.2,3.2,3.2,2.2,2.2,3.2,3.2,3.2,3.2,3.2,3.2,3.2,3.2,3.2,0,8860004,3.2,3.2,100.0,100,False,False,False
10-02-2021,13:38:06,-92.80000000000001,23,22,67,22,22,23,23,23,22,22,38.38,0,3.2,3.2,3.2,2.2,2.2,3.2,3.2,3.2,3.2,3.2,3.2,3.2,3.2,3.2,0,9090729,3.2,3.2,100.0,100,-90.10000000000001,23,22,67,22,22,23,23,23,22,22,38.38,0,3.2,3.2,3.2,2.2,2.2,3.2,3.2,3.2,3.2,3.2,3.2,3.2,3.2,3.2,0,8860272,3.2,3.2,100.0,100,False,False,False
10-02-2021,13:38:09,-92.9,23,22,3,22,22,23,23,23,22,22,38.38,0,3.2,3.2,3.2,2.2,2.2,3.2,3.2,3.2,3.2,3.2,3.2,3.2,3.2,3.2,0,9091006,3.2,3.2,100.0,100,-90.2,23,22,3,22,22,23,23,23,22,22,38.38,0,3.2,3.2,3.2,2.2,2.2,3.2,3.2,3.2,3.2,3.2,3.2,3.2,3.2,3.2,0,8860541,3.2,3.2,100.0,100,False,False,False
10-02-2021,13:38:12,-92.80000000000001,23,22,67,22,22,23,23,23,22,22,38.38,0,3.2,3.2,3.2,2.2,2.2,3.2,3.2,3.2,3.2,3.2,3.2,3.2,3.2,3.2,0,9091282,3.2,3.2,100.0,100,-90.10000000000001,23,22,67,22,22,23,23,23,22,22,38.38,0,3.2,3.2,3.2,2.2,2.2,3.2,3.2,3.2,3.2,3.2,3.2,3.2,3.2,3.2,0,8860810,3.2,3.2,100.0,100,False,False,False
10-02-2021,13:38:15,-92.9,23,22,3,22,22,23,23,23,22,22,38.38,0,3.2,3.2,3.2,2.2,2.2,3.2,3.2,3.2,3.2,3.2,3.2,3.2,3.2,3.2,0,9091559,3.2,3.2,100.0,100,-90.2,23,22,3,22,22,23,23,23,22,22,38.37,0,3.2,3.2,3.2,2.2,2.2,3.2,3.2,3.2,3.2,3.2,3.2,3.2,3.2,3.2,0,8861078,3.2,3.2,100.0,100,False,False,False
10-02-2021,13:38:18,-92.9,23,22,67,22,22,23,23,23,22,22,38.38,0,3.2,3.2,3.2,2.2,2.2,3.2,3.2,3.2,3.2,3.2,3.2,3.2,3.2,3.2,0,9091836,3.2,3.2,100.0,100,-90.2,23,22,67,22,22,23,23,23,22,22,38.38,0,3.2,3.2,3.2,2.2,2.2,3.2,3.2,3.2,3.2,3.2,3.2,3.2,3.2,3.2,0,8861346,3.2,3.2,100.0,100,False,False,False
10-02-2021,13:38:21,-92.80000000000001,23,22,3,22,22,23,23,23,22,22,38.38,0,3.2,3.2,3.2,2.2,2.2,3.2,3.2,3.2,3.2,3.2,3.2,3.2,3.2,3.2,0,9092113,3.2,3.2,100.0,100,-90.2,23,22,3,22,22,23,23,23,22,22,38.38,0,3.2,3.2,3.2,2.2,2.2,3.2,3.2,3.2,3.2,3.2,3.2,3.2,3.2,3.2,0,8861615,3.2,3.2,100.0,100,False,False,False
10-02-2021,13:38:24,-92.9,23,22,67,22,22,23,23,23,22,22,38.38,0,3.2,3.2,3.2,2.2,2.2,3.2,3.2,3.2,3.2,3.2,3.2,3.2,3.2,3.2,0,9092389,3.2,3.2,100.0,100,-90.2,23,22,67,22,22,23,23,23,22,22,38.38,0,3.2,3.2,3.2,2.2,2.2,3.2,3.2,3.2,3.2,3.2,3.2,3.2,3.2,3.2,0,8861883,3.2,3.2,100.0,100,False,False,False
10-02-2021,13:38:27,-92.9,23,22,3,22,22,23,23,23,22,22,38.38,0,3.2,3.2,3.2,2.2,2.2,3.2,3.2,3.2,3.2,3.2,3.2,3.2,3.2,3.2,0,9092666,3.2,3.2,100.0,100,-90.2,23,22,3,22,22,23,23,23,22,22,38.38,0,3.2,3.2,3.2,2.2,2.2,3.2,3.2,3.2,3.2,3.2,3.2,3.2,3.2,3.2,0,8862152,3.2,3.2,100.0,100,False,False,False
10-02-2021,13:38:30,-92.9,23,22,67,22,22,23,23,23,22,22,38.38,0,3.2,3.2,3.2,2.2,2.2,3.2,3.2,3.2,3.2,3.2,3.2,3.2,3.2,3.2,0,9092943,3.2,3.2,100.0,100,-90.2,23,22,67,22,22,23,23,23,22,22,38.38,0,3.2,3.2,3.2,2.2,2.2,3.2,3.2,3.2,3.2,3.2,3.2,3.2,3.2,3.2,0,8862421,3.2,3.2,100.0,100,False,False,False
10-02-2021,13:38:33,-92.9,23,22,3,22,22,23,23,23,22,22,38.38,0,3.2,3.2,3.2,2.2,2.2,3.2,3.2,3.2,3.2,3.2,3.2,3.2,3.2,3.2,0,9093219,3.2,3.2,100.0,100,-90.2,23,22,3,22,22,23,23,23,22,22,38.38,0,3.2,3.2,3.2,2.2,2.2,3.2,3.2,3.2,3.2,3.2,3.2,3.2,3.2,3.2,0,8862689,3.2,3.2,100.0,100,False,False,False
10-02-2021,13:38:36,-92.9,23,22,67,22,22,23,23,23,22,22,38.38,0,3.2,3.2,3.2,2.2,2.2,3.2,3.2,3.2,3.2,3.2,3.2,3.2,3.2,3.2,0,9093496,3.2,3.2,100.0,100,-90.2,23,22,67,22,22,23,23,23,22,22,38.37,0,3.2,3.2,3.2,2.2,2.2,3.2,3.2,3.2,3.2,3.2,3.2,3.2,3.2,3.2,0,8862958,3.2,3.2,100.0,100,False,False,False
10-02-2021,13:38:39,-92.9,23,22,3,22,22,23,23,23,22,22,38.38,0,3.2,3.2,3.2,2.2,2.2,3.2,3.2,3.2,3.2,3.2,3.2,3.2,3.2,3.2,0,9093773,3.2,3.2,100.0,100,-90.2,23,22,3,22,22,23,23,23,22,22,38.37,0,3.2,3.2,3.2,2.2,2.2,3.2,3.2,3.2,3.2,3.2,3.2,3.2,3.2,3.2,0,8863226,3.2,3.2,100.0,100,False,False,False
10-02-2021,13:38:42,-92.80000000000001,23,22,67,22,22,23,23,23,22,22,38.38,0,3.2,3.2,3.2,2.2,2.2,3.2,3.2,3.2,3.2,3.2,3.2,3.2,3.2,3.2,0,9094049,3.2,3.2,100.0,100,-90.2,23,22,67,22,22,23,23,23,22,22,38.38,0,3.2,3.2,3.2,2.2,2.2,3.2,3.2,3.2,3.2,3.2,3.2,3.2,3.2,3.2,0,8863495,3.2,3.2,100.0,100,False,False,False
10-02-2021,13:38:45,-92.9,23,22,3,22,22,23,23,23,22,22,38.38,0,3.2,3.2,3.2,2.2,2.2,3.2,3.2,3.2,3.2,3.2,3.2,3.2,3.2,3.2,0,9094326,3.2,3.2,100.0,100,-90.2,23,22,3,22,22,23,23,23,22,22,38.37,0,3.2,3.2,3.2,2.2,2.2,3.2,3.2,3.2,3.2,3.2,3.2,3.2,3.2,3.2,0,8863763,3.2,3.2,100.0,100,False,False,False
10-02-2021,13:38:48,-92.80000000000001,23,22,67,22,22,23,23,23,22,22,38.38,0,3.2,3.2,3.2,2.2,2.2,3.2,3.2,3.2,3.2,3.2,3.2,3.2,3.2,3.2,0,9094603,3.2,3.2,100.0,100,-90.2,23,22,67,22,22,23,23,23,22,22,38.38,0,3.2,3.2,3.2,2.2,2.2,3.2,3.2,3.2,3.2,3.2,3.2,3.2,3.2,3.2,0,8864032,3.2,3.2,100.0,100,False,False,False
10-02-2021,13:38:51,-92.9,23,22,3,22,22,23,23,23,22,22,38.38,0,3.2,3.2,3.2,2.2,2.2,3.2,3.2,3.2,3.2,3.2,3.2,3.2,3.2,3.2,0,9094881,3.2,3.2,100.0,100,-90.30000000000001,23,22,3,22,22,23,23,23,22,22,38.37,0,3.2,3.2,3.2,2.2,2.2,3.2,3.2,3.2,3.2,3.2,3.2,3.2,3.2,3.2,0,8864300,3.2,3.2,100.0,100,False,False,False
10-02-2021,13:38:54,-92.80000000000001,23,22,67,22,22,23,23,23,22,22,38.38,0,3.2,3.2,3.2,2.2,2.2,3.2,3.2,3.2,3.2,3.2,3.2,3.2,3.2,3.2,0,9095156,3.2,3.2,100.0,100,-90.2,23,22,67,22,22,23,23,23,22,22,38.37,0,3.2,3.2,3.2,2.2,2.2,3.2,3.2,3.2,3.2,3.2,3.2,3.2,3.2,3.2,0,8864569,3.2,3.2,100.0,100,False,False,False
